number	fixed	volatile	citric	residual	chlorides	free	total	density	ph	sulphates	alcohol	quality
       1	7.4	.7	0	1.9	.076	11	34	.9978	3.51	.56	9.4	5
       2	7.8	.88	0	2.6	.098	25	67	.9968	3.2	.68	9.8	5
       3	7.8	.76	.04	2.3	.092	15	54	.997	3.26	.65	9.8	5
       4	11.2	.28	.56	1.9	.075	17	60	.998	3.16	.58	9.8	6
       5	7.4	.7	0	1.9	.076	11	34	.9978	3.51	.56	9.4	5
       6	7.4	.66	0	1.8	.075	13	40	.9978	3.51	.56	9.4	5
       7	7.9	.6	.06	1.6	.069	15	59	.9964	3.3	.46	9.4	5
       8	7.3	.65	0	1.2	.065	15	21	.9946	3.39	.47	10	7
       9	7.8	.58	.02	2	.073	9	18	.9968	3.36	.57	9.5	7
      10	7.5	.5	.36	6.1	.071	17	102	.9978	3.35	.8	10.5	5
      11	6.7	.58	.08	1.8	.097	15	65	.9959	3.28	.54	9.2	5
      12	7.5	.5	.36	6.1	.071	17	102	.9978	3.35	.8	10.5	5
      13	5.6	.615	0	1.6	.089	16	59	.9943	3.58	.52	9.9	5
      14	7.8	.61	.29	1.6	.114	9	29	.9974	3.26	1.56	9.1	5
      15	8.9	.62	.18	3.8	.176	52	145	.9986	3.16	.88	9.2	5
      16	8.9	.62	.19	3.9	.17	51	148	.9986	3.17	.93	9.2	5
      17	8.5	.28	.56	1.8	.092	35	103	.9969	3.3	.75	10.5	7
      18	8.1	.56	.28	1.7	.368	16	56	.9968	3.11	1.28	9.3	5
      19	7.4	.59	.08	4.4	.086	6	29	.9974	3.38	.5	9	4
      20	7.9	.32	.51	1.8	.341	17	56	.9969	3.04	1.08	9.2	6
      21	8.9	.22	.48	1.8	.077	29	60	.9968	3.39	.53	9.4	6
      22	7.6	.39	.31	2.3	.082	23	71	.9982	3.52	.65	9.7	5
      23	7.9	.43	.21	1.6	.106	10	37	.9966	3.17	.91	9.5	5
      24	8.5	.49	.11	2.3	.084	9	67	.9968	3.17	.53	9.4	5
      25	6.9	.4	.14	2.4	.085	21	40	.9968	3.43	.63	9.7	6
      26	6.3	.39	.16	1.4	.08	11	23	.9955	3.34	.56	9.3	5
      27	7.6	.41	.24	1.8	.08	4	11	.9962	3.28	.59	9.5	5
      28	7.9	.43	.21	1.6	.106	10	37	.9966	3.17	.91	9.5	5
      29	7.1	.71	0	1.9	.08	14	35	.9972	3.47	.55	9.4	5
      30	7.8	.645	0	2	.082	8	16	.9964	3.38	.59	9.8	6
      31	6.7	.675	.07	2.4	.089	17	82	.9958	3.35	.54	10.1	5
      32	6.9	.685	0	2.5	.105	22	37	.9966	3.46	.57	10.6	6
      33	8.3	.655	.12	2.3	.083	15	113	.9966	3.17	.66	9.8	5
      34	6.9	.605	.12	10.7	.073	40	83	.9993	3.45	.52	9.4	6
      35	5.2	.32	.25	1.8	.103	13	50	.9957	3.38	.55	9.2	5
      36	7.8	.645	0	5.5	.086	5	18	.9986	3.4	.55	9.6	6
      37	7.8	.6	.14	2.4	.086	3	15	.9975	3.42	.6	10.8	6
      38	8.1	.38	.28	2.1	.066	13	30	.9968	3.23	.73	9.7	7
      39	5.7	1.13	.09	1.5	.172	7	19	.994	3.5	.48	9.8	4
      40	7.3	.45	.36	5.9	.074	12	87	.9978	3.33	.83	10.5	5
      41	7.3	.45	.36	5.9	.074	12	87	.9978	3.33	.83	10.5	5
      42	8.8	.61	.3	2.8	.088	17	46	.9976	3.26	.51	9.3	4
      43	7.5	.49	.2	2.6	.332	8	14	.9968	3.21	.9	10.5	6
      44	8.1	.66	.22	2.2	.069	9	23	.9968	3.3	1.2	10.3	5
      45	6.8	.67	.02	1.8	.05	5	11	.9962	3.48	.52	9.5	5
      46	4.6	.52	.15	2.1	.054	8	65	.9934	3.9	.56	13.1	4
      47	7.7	.935	.43	2.2	.114	22	114	.997	3.25	.73	9.2	5
      48	8.7	.29	.52	1.6	.113	12	37	.9969	3.25	.58	9.5	5
      49	6.4	.4	.23	1.6	.066	5	12	.9958	3.34	.56	9.2	5
      50	5.6	.31	.37	1.4	.074	12	96	.9954	3.32	.58	9.2	5
      51	8.8	.66	.26	1.7	.074	4	23	.9971	3.15	.74	9.2	5
      52	6.6	.52	.04	2.2	.069	8	15	.9956	3.4	.63	9.4	6
      53	6.6	.5	.04	2.1	.068	6	14	.9955	3.39	.64	9.4	6
      54	8.6	.38	.36	3	.081	30	119	.997	3.2	.56	9.4	5
      55	7.6	.51	.15	2.8	.11	33	73	.9955	3.17	.63	10.2	6
      56	7.7	.62	.04	3.8	.084	25	45	.9978	3.34	.53	9.5	5
      57	10.2	.42	.57	3.4	.07	4	10	.9971	3.04	.63	9.6	5
      58	7.5	.63	.12	5.1	.111	50	110	.9983	3.26	.77	9.4	5
      59	7.8	.59	.18	2.3	.076	17	54	.9975	3.43	.59	10	5
      60	7.3	.39	.31	2.4	.074	9	46	.9962	3.41	.54	9.4	6
      61	8.8	.4	.4	2.2	.079	19	52	.998	3.44	.64	9.2	5
      62	7.7	.69	.49	1.8	.115	20	112	.9968	3.21	.71	9.3	5
      63	7.5	.52	.16	1.9	.085	12	35	.9968	3.38	.62	9.5	7
      64	7	.735	.05	2	.081	13	54	.9966	3.39	.57	9.8	5
      65	7.2	.725	.05	4.65	.086	4	11	.9962	3.41	.39	10.9	5
      66	7.2	.725	.05	4.65	.086	4	11	.9962	3.41	.39	10.9	5
      67	7.5	.52	.11	1.5	.079	11	39	.9968	3.42	.58	9.6	5
      68	6.6	.705	.07	1.6	.076	6	15	.9962	3.44	.58	10.7	5
      69	9.3	.32	.57	2	.074	27	65	.9969	3.28	.79	10.7	5
      70	8	.705	.05	1.9	.074	8	19	.9962	3.34	.95	10.5	6
      71	7.7	.63	.08	1.9	.076	15	27	.9967	3.32	.54	9.5	6
      72	7.7	.67	.23	2.1	.088	17	96	.9962	3.32	.48	9.5	5
      73	7.7	.69	.22	1.9	.084	18	94	.9961	3.31	.48	9.5	5
      74	8.3	.675	.26	2.1	.084	11	43	.9976	3.31	.53	9.2	4
      75	9.7	.32	.54	2.5	.094	28	83	.9984	3.28	.82	9.6	5
      76	8.8	.41	.64	2.2	.093	9	42	.9986	3.54	.66	10.5	5
      77	8.8	.41	.64	2.2	.093	9	42	.9986	3.54	.66	10.5	5
      78	6.8	.785	0	2.4	.104	14	30	.9966	3.52	.55	10.7	6
      79	6.7	.75	.12	2	.086	12	80	.9958	3.38	.52	10.1	5
      80	8.3	.625	.2	1.5	.08	27	119	.9972	3.16	1.12	9.1	4
      81	6.2	.45	.2	1.6	.069	3	15	.9958	3.41	.56	9.2	5
      82	7.8	.43	.7	1.9	.464	22	67	.9974	3.13	1.28	9.4	5
      83	7.4	.5	.47	2	.086	21	73	.997	3.36	.57	9.1	5
      84	7.3	.67	.26	1.8	.401	16	51	.9969	3.16	1.14	9.4	5
      85	6.3	.3	.48	1.8	.069	18	61	.9959	3.44	.78	10.3	6
      86	6.9	.55	.15	2.2	.076	19	40	.9961	3.41	.59	10.1	5
      87	8.6	.49	.28	1.9	.11	20	136	.9972	2.93	1.95	9.9	6
      88	7.7	.49	.26	1.9	.062	9	31	.9966	3.39	.64	9.6	5
      89	9.3	.39	.44	2.1	.107	34	125	.9978	3.14	1.22	9.5	5
      90	7	.62	.08	1.8	.076	8	24	.9978	3.48	.53	9	5
      91	7.9	.52	.26	1.9	.079	42	140	.9964	3.23	.54	9.5	5
      92	8.6	.49	.28	1.9	.11	20	136	.9972	2.93	1.95	9.9	6
      93	8.6	.49	.29	2	.11	19	133	.9972	2.93	1.98	9.8	5
      94	7.7	.49	.26	1.9	.062	9	31	.9966	3.39	.64	9.6	5
      95	5	1.02	.04	1.4	.045	41	85	.9938	3.75	.48	10.5	4
      96	4.7	.6	.17	2.3	.058	17	106	.9932	3.85	.6	12.9	6
      97	6.8	.775	0	3	.102	8	23	.9965	3.45	.56	10.7	5
      98	7	.5	.25	2	.07	3	22	.9963	3.25	.63	9.2	5
      99	7.6	.9	.06	2.5	.079	5	10	.9967	3.39	.56	9.8	5
     100	8.1	.545	.18	1.9	.08	13	35	.9972	3.3	.59	9	6
     101	8.3	.61	.3	2.1	.084	11	50	.9972	3.4	.61	10.2	6
     102	7.8	.5	.3	1.9	.075	8	22	.9959	3.31	.56	10.4	6
     103	8.1	.545	.18	1.9	.08	13	35	.9972	3.3	.59	9	6
     104	8.1	.575	.22	2.1	.077	12	65	.9967	3.29	.51	9.2	5
     105	7.2	.49	.24	2.2	.07	5	36	.996	3.33	.48	9.4	5
     106	8.1	.575	.22	2.1	.077	12	65	.9967	3.29	.51	9.2	5
     107	7.8	.41	.68	1.7	.467	18	69	.9973	3.08	1.31	9.3	5
     108	6.2	.63	.31	1.7	.088	15	64	.9969	3.46	.79	9.3	5
     109	8	.33	.53	2.5	.091	18	80	.9976	3.37	.8	9.6	6
     110	8.1	.785	.52	2	.122	37	153	.9969	3.21	.69	9.3	5
     111	7.8	.56	.19	1.8	.104	12	47	.9964	3.19	.93	9.5	5
     112	8.4	.62	.09	2.2	.084	11	108	.9964	3.15	.66	9.8	5
     113	8.4	.6	.1	2.2	.085	14	111	.9964	3.15	.66	9.8	5
     114	10.1	.31	.44	2.3	.08	22	46	.9988	3.32	.67	9.7	6
     115	7.8	.56	.19	1.8	.104	12	47	.9964	3.19	.93	9.5	5
     116	9.4	.4	.31	2.2	.09	13	62	.9966	3.07	.63	10.5	6
     117	8.3	.54	.28	1.9	.077	11	40	.9978	3.39	.61	10	6
     118	7.8	.56	.12	2	.082	7	28	.997	3.37	.5	9.4	6
     119	8.8	.55	.04	2.2	.119	14	56	.9962	3.21	.6	10.9	6
     120	7	.69	.08	1.8	.097	22	89	.9959	3.34	.54	9.2	6
     121	7.3	1.07	.09	1.7	.178	10	89	.9962	3.3	.57	9	5
     122	8.8	.55	.04	2.2	.119	14	56	.9962	3.21	.6	10.9	6
     123	7.3	.695	0	2.5	.075	3	13	.998	3.49	.52	9.2	5
     124	8	.71	0	2.6	.08	11	34	.9976	3.44	.53	9.5	5
     125	7.8	.5	.17	1.6	.082	21	102	.996	3.39	.48	9.5	5
     126	9	.62	.04	1.9	.146	27	90	.9984	3.16	.7	9.4	5
     127	8.2	1.33	0	1.7	.081	3	12	.9964	3.53	.49	10.9	5
     128	8.1	1.33	0	1.8	.082	3	12	.9964	3.54	.48	10.9	5
     129	8	.59	.16	1.8	.065	3	16	.9962	3.42	.92	10.5	7
     130	6.1	.38	.15	1.8	.072	6	19	.9955	3.42	.57	9.4	5
     131	8	.745	.56	2	.118	30	134	.9968	3.24	.66	9.4	5
     132	5.6	.5	.09	2.3	.049	17	99	.9937	3.63	.63	13	5
     133	5.6	.5	.09	2.3	.049	17	99	.9937	3.63	.63	13	5
     134	6.6	.5	.01	1.5	.06	17	26	.9952	3.4	.58	9.8	6
     135	7.9	1.04	.05	2.2	.084	13	29	.9959	3.22	.55	9.9	6
     136	8.4	.745	.11	1.9	.09	16	63	.9965	3.19	.82	9.6	5
     137	8.3	.715	.15	1.8	.089	10	52	.9968	3.23	.77	9.5	5
     138	7.2	.415	.36	2	.081	13	45	.9972	3.48	.64	9.2	5
     139	7.8	.56	.19	2.1	.081	15	105	.9962	3.33	.54	9.5	5
     140	7.8	.56	.19	2	.081	17	108	.9962	3.32	.54	9.5	5
     141	8.4	.745	.11	1.9	.09	16	63	.9965	3.19	.82	9.6	5
     142	8.3	.715	.15	1.8	.089	10	52	.9968	3.23	.77	9.5	5
     143	5.2	.34	0	1.8	.05	27	63	.9916	3.68	.79	14	6
     144	6.3	.39	.08	1.7	.066	3	20	.9954	3.34	.58	9.4	5
     145	5.2	.34	0	1.8	.05	27	63	.9916	3.68	.79	14	6
     146	8.1	.67	.55	1.8	.117	32	141	.9968	3.17	.62	9.4	5
     147	5.8	.68	.02	1.8	.087	21	94	.9944	3.54	.52	10	5
     148	7.6	.49	.26	1.6	.236	10	88	.9968	3.11	.8	9.3	5
     149	6.9	.49	.1	2.3	.074	12	30	.9959	3.42	.58	10.2	6
     150	8.2	.4	.44	2.8	.089	11	43	.9975	3.53	.61	10.5	6
     151	7.3	.33	.47	2.1	.077	5	11	.9958	3.33	.53	10.3	6
     152	9.2	.52	1	3.4	.61	32	69	.9996	2.74	2	9.4	4
     153	7.5	.6	.03	1.8	.095	25	99	.995	3.35	.54	10.1	5
     154	7.5	.6	.03	1.8	.095	25	99	.995	3.35	.54	10.1	5
     155	7.1	.43	.42	5.5	.07	29	129	.9973	3.42	.72	10.5	5
     156	7.1	.43	.42	5.5	.071	28	128	.9973	3.42	.71	10.5	5
     157	7.1	.43	.42	5.5	.07	29	129	.9973	3.42	.72	10.5	5
     158	7.1	.43	.42	5.5	.071	28	128	.9973	3.42	.71	10.5	5
     159	7.1	.68	0	2.2	.073	12	22	.9969	3.48	.5	9.3	5
     160	6.8	.6	.18	1.9	.079	18	86	.9968	3.59	.57	9.3	6
     161	7.6	.95	.03	2	.09	7	20	.9959	3.2	.56	9.6	5
     162	7.6	.68	.02	1.3	.072	9	20	.9965	3.17	1.08	9.2	4
     163	7.8	.53	.04	1.7	.076	17	31	.9964	3.33	.56	10	6
     164	7.4	.6	.26	7.3	.07	36	121	.9982	3.37	.49	9.4	5
     165	7.3	.59	.26	7.2	.07	35	121	.9981	3.37	.49	9.4	5
     166	7.8	.63	.48	1.7	.1	14	96	.9961	3.19	.62	9.5	5
     167	6.8	.64	.1	2.1	.085	18	101	.9956	3.34	.52	10.2	5
     168	7.3	.55	.03	1.6	.072	17	42	.9956	3.37	.48	9	4
     169	6.8	.63	.07	2.1	.089	11	44	.9953	3.47	.55	10.4	6
     170	7.5	.705	.24	1.8	.36	15	63	.9964	3	1.59	9.5	5
     171	7.9	.885	.03	1.8	.058	4	8	.9972	3.36	.33	9.1	4
     172	8	.42	.17	2	.073	6	18	.9972	3.29	.61	9.2	6
     173	8	.42	.17	2	.073	6	18	.9972	3.29	.61	9.2	6
     174	7.4	.62	.05	1.9	.068	24	42	.9961	3.42	.57	11.5	6
     175	7.3	.38	.21	2	.08	7	35	.9961	3.33	.47	9.5	5
     176	6.9	.5	.04	1.5	.085	19	49	.9958	3.35	.78	9.5	5
     177	7.3	.38	.21	2	.08	7	35	.9961	3.33	.47	9.5	5
     178	7.5	.52	.42	2.3	.087	8	38	.9972	3.58	.61	10.5	6
     179	7	.805	0	2.5	.068	7	20	.9969	3.48	.56	9.6	5
     180	8.8	.61	.14	2.4	.067	10	42	.9969	3.19	.59	9.5	5
     181	8.8	.61	.14	2.4	.067	10	42	.9969	3.19	.59	9.5	5
     182	8.9	.61	.49	2	.27	23	110	.9972	3.12	1.02	9.3	5
     183	7.2	.73	.02	2.5	.076	16	42	.9972	3.44	.52	9.3	5
     184	6.8	.61	.2	1.8	.077	11	65	.9971	3.54	.58	9.3	5
     185	6.7	.62	.21	1.9	.079	8	62	.997	3.52	.58	9.3	6
     186	8.9	.31	.57	2	.111	26	85	.9971	3.26	.53	9.7	5
     187	7.4	.39	.48	2	.082	14	67	.9972	3.34	.55	9.2	5
     188	7.7	.705	.1	2.6	.084	9	26	.9976	3.39	.49	9.7	5
     189	7.9	.5	.33	2	.084	15	143	.9968	3.2	.55	9.5	5
     190	7.9	.49	.32	1.9	.082	17	144	.9968	3.2	.55	9.5	5
     191	8.2	.5	.35	2.9	.077	21	127	.9976	3.23	.62	9.4	5
     192	6.4	.37	.25	1.9	.074	21	49	.9974	3.57	.62	9.8	6
     193	6.8	.63	.12	3.8	.099	16	126	.9969	3.28	.61	9.5	5
     194	7.6	.55	.21	2.2	.071	7	28	.9964	3.28	.55	9.7	5
     195	7.6	.55	.21	2.2	.071	7	28	.9964	3.28	.55	9.7	5
     196	7.8	.59	.33	2	.074	24	120	.9968	3.25	.54	9.4	5
     197	7.3	.58	.3	2.4	.074	15	55	.9968	3.46	.59	10.2	5
     198	11.5	.3	.6	2	.067	12	27	.9981	3.11	.97	10.1	6
     199	5.4	.835	.08	1.2	.046	13	93	.9924	3.57	.85	13	7
     200	6.9	1.09	.06	2.1	.061	12	31	.9948	3.51	.43	11.4	4
     201	9.6	.32	.47	1.4	.056	9	24	.99695	3.22	.82	10.3	7
     202	8.8	.37	.48	2.1	.097	39	145	.9975	3.04	1.03	9.3	5
     203	6.8	.5	.11	1.5	.075	16	49	.99545	3.36	.79	9.5	5
     204	7	.42	.35	1.6	.088	16	39	.9961	3.34	.55	9.2	5
     205	7	.43	.36	1.6	.089	14	37	.99615	3.34	.56	9.2	6
     206	12.8	.3	.74	2.6	.095	9	28	.9994	3.2	.77	10.8	7
     207	12.8	.3	.74	2.6	.095	9	28	.9994	3.2	.77	10.8	7
     208	7.8	.57	.31	1.8	.069	26	120	.99625	3.29	.53	9.3	5
     209	7.8	.44	.28	2.7	.1	18	95	.9966	3.22	.67	9.4	5
     210	11	.3	.58	2.1	.054	7	19	.998	3.31	.88	10.5	7
     211	9.7	.53	.6	2	.039	5	19	.99585	3.3	.86	12.4	6
     212	8	.725	.24	2.8	.083	10	62	.99685	3.35	.56	10	6
     213	11.6	.44	.64	2.1	.059	5	15	.998	3.21	.67	10.2	6
     214	8.2	.57	.26	2.2	.06	28	65	.9959	3.3	.43	10.1	5
     215	7.8	.735	.08	2.4	.092	10	41	.9974	3.24	.71	9.8	6
     216	7	.49	.49	5.6	.06	26	121	.9974	3.34	.76	10.5	5
     217	8.7	.625	.16	2	.101	13	49	.9962	3.14	.57	11	5
     218	8.1	.725	.22	2.2	.072	11	41	.9967	3.36	.55	9.1	5
     219	7.5	.49	.19	1.9	.076	10	44	.9957	3.39	.54	9.7	5
     220	7.8	.53	.33	2.4	.08	24	144	.99655	3.3	.6	9.5	5
     221	7.8	.34	.37	2	.082	24	58	.9964	3.34	.59	9.4	6
     222	7.4	.53	.26	2	.101	16	72	.9957	3.15	.57	9.4	5
     223	6.8	.61	.04	1.5	.057	5	10	.99525	3.42	.6	9.5	5
     224	8.6	.645	.25	2	.083	8	28	.99815	3.28	.6	10	6
     225	8.4	.635	.36	2	.089	15	55	.99745	3.31	.57	10.4	4
     226	7.7	.43	.25	2.6	.073	29	63	.99615	3.37	.58	10.5	6
     227	8.9	.59	.5	2	.337	27	81	.9964	3.04	1.61	9.5	6
     228	9	.82	.14	2.6	.089	9	23	.9984	3.39	.63	9.8	5
     229	7.7	.43	.25	2.6	.073	29	63	.99615	3.37	.58	10.5	6
     230	6.9	.52	.25	2.6	.081	10	37	.99685	3.46	.5	11	5
     231	5.2	.48	.04	1.6	.054	19	106	.9927	3.54	.62	12.2	7
     232	8	.38	.06	1.8	.078	12	49	.99625	3.37	.52	9.9	6
     233	8.5	.37	.2	2.8	.09	18	58	.998	3.34	.7	9.6	6
     234	6.9	.52	.25	2.6	.081	10	37	.99685	3.46	.5	11	5
     235	8.2	1	.09	2.3	.065	7	37	.99685	3.32	.55	9	6
     236	7.2	.63	0	1.9	.097	14	38	.99675	3.37	.58	9	6
     237	7.2	.63	0	1.9	.097	14	38	.99675	3.37	.58	9	6
     238	7.2	.645	0	1.9	.097	15	39	.99675	3.37	.58	9.2	6
     239	7.2	.63	0	1.9	.097	14	38	.99675	3.37	.58	9	6
     240	8.2	1	.09	2.3	.065	7	37	.99685	3.32	.55	9	6
     241	8.9	.635	.37	1.7	.263	5	62	.9971	3	1.09	9.3	5
     242	12	.38	.56	2.1	.093	6	24	.99925	3.14	.71	10.9	6
     243	7.7	.58	.1	1.8	.102	28	109	.99565	3.08	.49	9.8	6
     244	15	.21	.44	2.2	.075	10	24	1.00005	3.07	.84	9.2	7
     245	15	.21	.44	2.2	.075	10	24	1.00005	3.07	.84	9.2	7
     246	7.3	.66	0	2	.084	6	23	.9983	3.61	.96	9.9	6
     247	7.1	.68	.07	1.9	.075	16	51	.99685	3.38	.52	9.5	5
     248	8.2	.6	.17	2.3	.072	11	73	.9963	3.2	.45	9.3	5
     249	7.7	.53	.06	1.7	.074	9	39	.99615	3.35	.48	9.8	6
     250	7.3	.66	0	2	.084	6	23	.9983	3.61	.96	9.9	6
     251	10.8	.32	.44	1.6	.063	16	37	.9985	3.22	.78	10	6
     252	7.1	.6	0	1.8	.074	16	34	.9972	3.47	.7	9.9	6
     253	11.1	.35	.48	3.1	.09	5	21	.9986	3.17	.53	10.5	5
     254	7.7	.775	.42	1.9	.092	8	86	.9959	3.23	.59	9.5	5
     255	7.1	.6	0	1.8	.074	16	34	.9972	3.47	.7	9.9	6
     256	8	.57	.23	3.2	.073	17	119	.99675	3.26	.57	9.3	5
     257	9.4	.34	.37	2.2	.075	5	13	.998	3.22	.62	9.2	5
     258	6.6	.695	0	2.1	.075	12	56	.9968	3.49	.67	9.2	5
     259	7.7	.41	.76	1.8	.611	8	45	.9968	3.06	1.26	9.4	5
     260	10	.31	.47	2.6	.085	14	33	.99965	3.36	.8	10.5	7
     261	7.9	.33	.23	1.7	.077	18	45	.99625	3.29	.65	9.3	5
     262	7	.975	.04	2	.087	12	67	.99565	3.35	.6	9.4	4
     263	8	.52	.03	1.7	.07	10	35	.99575	3.34	.57	10	5
     264	7.9	.37	.23	1.8	.077	23	49	.9963	3.28	.67	9.3	5
     265	12.5	.56	.49	2.4	.064	5	27	.9999	3.08	.87	10.9	5
     266	11.8	.26	.52	1.8	.071	6	10	.9968	3.2	.72	10.2	7
     267	8.1	.87	0	3.3	.096	26	61	1.00025	3.6	.72	9.8	4
     268	7.9	.35	.46	3.6	.078	15	37	.9973	3.35	.86	12.8	8
     269	6.9	.54	.04	3	.077	7	27	.9987	3.69	.91	9.4	6
     270	11.5	.18	.51	4	.104	4	23	.9996	3.28	.97	10.1	6
     271	7.9	.545	.06	4	.087	27	61	.9965	3.36	.67	10.7	6
     272	11.5	.18	.51	4	.104	4	23	.9996	3.28	.97	10.1	6
     273	10.9	.37	.58	4	.071	17	65	.99935	3.22	.78	10.1	5
     274	8.4	.715	.2	2.4	.076	10	38	.99735	3.31	.64	9.4	5
     275	7.5	.65	.18	7	.088	27	94	.99915	3.38	.77	9.4	5
     276	7.9	.545	.06	4	.087	27	61	.9965	3.36	.67	10.7	6
     277	6.9	.54	.04	3	.077	7	27	.9987	3.69	.91	9.4	6
     278	11.5	.18	.51	4	.104	4	23	.9996	3.28	.97	10.1	6
     279	10.3	.32	.45	6.4	.073	5	13	.9976	3.23	.82	12.6	8
     280	8.9	.4	.32	5.6	.087	10	47	.9991	3.38	.77	10.5	7
     281	11.4	.26	.44	3.6	.071	6	19	.9986	3.12	.82	9.3	6
     282	7.7	.27	.68	3.5	.358	5	10	.9972	3.25	1.08	9.9	7
     283	7.6	.52	.12	3	.067	12	53	.9971	3.36	.57	9.1	5
     284	8.9	.4	.32	5.6	.087	10	47	.9991	3.38	.77	10.5	7
     285	9.9	.59	.07	3.4	.102	32	71	1.00015	3.31	.71	9.8	5
     286	9.9	.59	.07	3.4	.102	32	71	1.00015	3.31	.71	9.8	5
     287	12	.45	.55	2	.073	25	49	.9997	3.1	.76	10.3	6
     288	7.5	.4	.12	3	.092	29	53	.9967	3.37	.7	10.3	6
     289	8.7	.52	.09	2.5	.091	20	49	.9976	3.34	.86	10.6	7
     290	11.6	.42	.53	3.3	.105	33	98	1.001	3.2	.95	9.2	5
     291	8.7	.52	.09	2.5	.091	20	49	.9976	3.34	.86	10.6	7
     292	11	.2	.48	2	.343	6	18	.9979	3.3	.71	10.5	5
     293	10.4	.55	.23	2.7	.091	18	48	.9994	3.22	.64	10.3	6
     294	6.9	.36	.25	2.4	.098	5	16	.9964	3.41	.6	10.1	6
     295	13.3	.34	.52	3.2	.094	17	53	1.0014	3.05	.81	9.5	6
     296	10.8	.5	.46	2.5	.073	5	27	1.0001	3.05	.64	9.5	5
     297	10.6	.83	.37	2.6	.086	26	70	.9981	3.16	.52	9.9	5
     298	7.1	.63	.06	2	.083	8	29	.99855	3.67	.73	9.6	5
     299	7.2	.65	.02	2.3	.094	5	31	.9993	3.67	.8	9.7	5
     300	6.9	.67	.06	2.1	.08	8	33	.99845	3.68	.71	9.6	5
     301	7.5	.53	.06	2.6	.086	20	44	.9965	3.38	.59	10.7	6
     302	11.1	.18	.48	1.5	.068	7	15	.9973	3.22	.64	10.1	6
     303	8.3	.705	.12	2.6	.092	12	28	.9994	3.51	.72	10	5
     304	7.4	.67	.12	1.6	.186	5	21	.996	3.39	.54	9.5	5
     305	8.4	.65	.6	2.1	.112	12	90	.9973	3.2	.52	9.2	5
     306	10.3	.53	.48	2.5	.063	6	25	.9998	3.12	.59	9.3	6
     307	7.6	.62	.32	2.2	.082	7	54	.9966	3.36	.52	9.4	5
     308	10.3	.41	.42	2.4	.213	6	14	.9994	3.19	.62	9.5	6
     309	10.3	.43	.44	2.4	.214	5	12	.9994	3.19	.63	9.5	6
     310	7.4	.29	.38	1.7	.062	9	30	.9968	3.41	.53	9.5	6
     311	10.3	.53	.48	2.5	.063	6	25	.9998	3.12	.59	9.3	6
     312	7.9	.53	.24	2	.072	15	105	.996	3.27	.54	9.4	6
     313	9	.46	.31	2.8	.093	19	98	.99815	3.32	.63	9.5	6
     314	8.6	.47	.3	3	.076	30	135	.9976	3.3	.53	9.4	5
     315	7.4	.36	.29	2.6	.087	26	72	.99645	3.39	.68	11	5
     316	7.1	.35	.29	2.5	.096	20	53	.9962	3.42	.65	11	6
     317	9.6	.56	.23	3.4	.102	37	92	.9996	3.3	.65	10.1	5
     318	9.6	.77	.12	2.9	.082	30	74	.99865	3.3	.64	10.4	6
     319	9.8	.66	.39	3.2	.083	21	59	.9989	3.37	.71	11.5	7
     320	9.6	.77	.12	2.9	.082	30	74	.99865	3.3	.64	10.4	6
     321	9.8	.66	.39	3.2	.083	21	59	.9989	3.37	.71	11.5	7
     322	9.3	.61	.26	3.4	.09	25	87	.99975	3.24	.62	9.7	5
     323	7.8	.62	.05	2.3	.079	6	18	.99735	3.29	.63	9.3	5
     324	10.3	.59	.42	2.8	.09	35	73	.999	3.28	.7	9.5	6
     325	10	.49	.2	11	.071	13	50	1.0015	3.16	.69	9.2	6
     326	10	.49	.2	11	.071	13	50	1.0015	3.16	.69	9.2	6
     327	11.6	.53	.66	3.65	.121	6	14	.9978	3.05	.74	11.5	7
     328	10.3	.44	.5	4.5	.107	5	13	.998	3.28	.83	11.5	5
     329	13.4	.27	.62	2.6	.082	6	21	1.0002	3.16	.67	9.7	6
     330	10.7	.46	.39	2	.061	7	15	.9981	3.18	.62	9.5	5
     331	10.2	.36	.64	2.9	.122	10	41	.998	3.23	.66	12.5	6
     332	10.2	.36	.64	2.9	.122	10	41	.998	3.23	.66	12.5	6
     333	8	.58	.28	3.2	.066	21	114	.9973	3.22	.54	9.4	6
     334	8.4	.56	.08	2.1	.105	16	44	.9958	3.13	.52	11	5
     335	7.9	.65	.01	2.5	.078	17	38	.9963	3.34	.74	11.7	7
     336	11.9	.695	.53	3.4	.128	7	21	.9992	3.17	.84	12.2	7
     337	8.9	.43	.45	1.9	.052	6	16	.9948	3.35	.7	12.5	6
     338	7.8	.43	.32	2.8	.08	29	58	.9974	3.31	.64	10.3	5
     339	12.4	.49	.58	3	.103	28	99	1.0008	3.16	1	11.5	6
     340	12.5	.28	.54	2.3	.082	12	29	.9997	3.11	1.36	9.8	7
     341	12.2	.34	.5	2.4	.066	10	21	1	3.12	1.18	9.2	6
     342	10.6	.42	.48	2.7	.065	5	18	.9972	3.21	.87	11.3	6
     343	10.9	.39	.47	1.8	.118	6	14	.9982	3.3	.75	9.8	6
     344	10.9	.39	.47	1.8	.118	6	14	.9982	3.3	.75	9.8	6
     345	11.9	.57	.5	2.6	.082	6	32	1.0006	3.12	.78	10.7	6
     346	7	.685	0	1.9	.067	40	63	.9979	3.6	.81	9.9	5
     347	6.6	.815	.02	2.7	.072	17	34	.9955	3.58	.89	12.3	7
     348	13.8	.49	.67	3	.093	6	15	.9986	3.02	.93	12	6
     349	9.6	.56	.31	2.8	.089	15	46	.9979	3.11	.92	10	6
     350	9.1	.785	0	2.6	.093	11	28	.9994	3.36	.86	9.4	6
     351	10.7	.67	.22	2.7	.107	17	34	1.0004	3.28	.98	9.9	6
     352	9.1	.795	0	2.6	.096	11	26	.9994	3.35	.83	9.4	6
     353	7.7	.665	0	2.4	.09	8	19	.9974	3.27	.73	9.3	5
     354	13.5	.53	.79	4.8	.12	23	77	1.0018	3.18	.77	13	5
     355	6.1	.21	.4	1.4	.066	40.5	165	.9912	3.25	.59	11.9	6
     356	6.7	.75	.01	2.4	.078	17	32	.9955	3.55	.61	12.8	6
     357	11.5	.41	.52	3	.08	29	55	1.0001	3.26	.88	11	5
     358	10.5	.42	.66	2.95	.116	12	29	.997	3.24	.75	11.7	7
     359	11.9	.43	.66	3.1	.109	10	23	1	3.15	.85	10.4	7
     360	12.6	.38	.66	2.6	.088	10	41	1.001	3.17	.68	9.8	6
     361	8.2	.7	.23	2	.099	14	81	.9973	3.19	.7	9.4	5
     362	8.6	.45	.31	2.6	.086	21	50	.9982	3.37	.91	9.9	6
     363	11.9	.58	.66	2.5	.072	6	37	.9992	3.05	.56	10	5
     364	12.5	.46	.63	2	.071	6	15	.9988	2.99	.87	10.2	5
     365	12.8	.615	.66	5.8	.083	7	42	1.0022	3.07	.73	10	7
     366	10	.42	.5	3.4	.107	7	21	.9979	3.26	.93	11.8	6
     367	12.8	.615	.66	5.8	.083	7	42	1.0022	3.07	.73	10	7
     368	10.4	.575	.61	2.6	.076	11	24	1	3.16	.69	9	5
     369	10.3	.34	.52	2.8	.159	15	75	.9998	3.18	.64	9.4	5
     370	9.4	.27	.53	2.4	.074	6	18	.9962	3.2	1.13	12	7
     371	6.9	.765	.02	2.3	.063	35	63	.9975	3.57	.78	9.9	5
     372	7.9	.24	.4	1.6	.056	11	25	.9967	3.32	.87	8.7	6
     373	9.1	.28	.48	1.8	.067	26	46	.9967	3.32	1.04	10.6	6
     374	7.4	.55	.22	2.2	.106	12	72	.9959	3.05	.63	9.2	5
     375	14	.41	.63	3.8	.089	6	47	1.0014	3.01	.81	10.8	6
     376	11.5	.54	.71	4.4	.124	6	15	.9984	3.01	.83	11.8	7
     377	11.5	.45	.5	3	.078	19	47	1.0003	3.26	1.11	11	6
     378	9.4	.27	.53	2.4	.074	6	18	.9962	3.2	1.13	12	7
     379	11.4	.625	.66	6.2	.088	6	24	.9988	3.11	.99	13.3	6
     380	8.3	.42	.38	2.5	.094	24	60	.9979	3.31	.7	10.8	6
     381	8.3	.26	.42	2	.08	11	27	.9974	3.21	.8	9.4	6
     382	13.7	.415	.68	2.9	.085	17	43	1.0014	3.06	.8	10	6
     383	8.3	.26	.42	2	.08	11	27	.9974	3.21	.8	9.4	6
     384	8.3	.26	.42	2	.08	11	27	.9974	3.21	.8	9.4	6
     385	7.7	.51	.28	2.1	.087	23	54	.998	3.42	.74	9.2	5
     386	7.4	.63	.07	2.4	.09	11	37	.9979	3.43	.76	9.7	6
     387	7.8	.54	.26	2	.088	23	48	.9981	3.41	.74	9.2	6
     388	8.3	.66	.15	1.9	.079	17	42	.9972	3.31	.54	9.6	6
     389	7.8	.46	.26	1.9	.088	23	53	.9981	3.43	.74	9.2	6
     390	9.6	.38	.31	2.5	.096	16	49	.9982	3.19	.7	10	7
     391	5.6	.85	.05	1.4	.045	12	88	.9924	3.56	.82	12.9	8
     392	13.7	.415	.68	2.9	.085	17	43	1.0014	3.06	.8	10	6
     393	9.5	.37	.52	2	.082	6	26	.998	3.18	.51	9.5	5
     394	8.4	.665	.61	2	.112	13	95	.997	3.16	.54	9.1	5
     395	12.7	.6	.65	2.3	.063	6	25	.9997	3.03	.57	9.9	5
     396	12	.37	.76	4.2	.066	7	38	1.0004	3.22	.6	13	7
     397	6.6	.735	.02	7.9	.122	68	124	.9994	3.47	.53	9.9	5
     398	11.5	.59	.59	2.6	.087	13	49	.9988	3.18	.65	11	6
     399	11.5	.59	.59	2.6	.087	13	49	.9988	3.18	.65	11	6
     400	8.7	.765	.22	2.3	.064	9	42	.9963	3.1	.55	9.4	5
     401	6.6	.735	.02	7.9	.122	68	124	.9994	3.47	.53	9.9	5
     402	7.7	.26	.3	1.7	.059	20	38	.9949	3.29	.47	10.8	6
     403	12.2	.48	.54	2.6	.085	19	64	1	3.1	.61	10.5	6
     404	11.4	.6	.49	2.7	.085	10	41	.9994	3.15	.63	10.5	6
     405	7.7	.69	.05	2.7	.075	15	27	.9974	3.26	.61	9.1	5
     406	8.7	.31	.46	1.4	.059	11	25	.9966	3.36	.76	10.1	6
     407	9.8	.44	.47	2.5	.063	9	28	.9981	3.24	.65	10.8	6
     408	12	.39	.66	3	.093	12	30	.9996	3.18	.63	10.8	7
     409	10.4	.34	.58	3.7	.174	6	16	.997	3.19	.7	11.3	6
     410	12.5	.46	.49	4.5	.07	26	49	.9981	3.05	.57	9.6	4
     411	9	.43	.34	2.5	.08	26	86	.9987	3.38	.62	9.5	6
     412	9.1	.45	.35	2.4	.08	23	78	.9987	3.38	.62	9.5	5
     413	7.1	.735	.16	1.9	.1	15	77	.9966	3.27	.64	9.3	5
     414	9.9	.4	.53	6.7	.097	6	19	.9986	3.27	.82	11.7	7
     415	8.8	.52	.34	2.7	.087	24	122	.9982	3.26	.61	9.5	5
     416	8.6	.725	.24	6.6	.117	31	134	1.0014	3.32	1.07	9.3	5
     417	10.6	.48	.64	2.2	.111	6	20	.997	3.26	.66	11.7	6
     418	7	.58	.12	1.9	.091	34	124	.9956	3.44	.48	10.5	5
     419	11.9	.38	.51	2	.121	7	20	.9996	3.24	.76	10.4	6
     420	6.8	.77	0	1.8	.066	34	52	.9976	3.62	.68	9.9	5
     421	9.5	.56	.33	2.4	.089	35	67	.9972	3.28	.73	11.8	7
     422	6.6	.84	.03	2.3	.059	32	48	.9952	3.52	.56	12.3	7
     423	7.7	.96	.2	2	.047	15	60	.9955	3.36	.44	10.9	5
     424	10.5	.24	.47	2.1	.066	6	24	.9978	3.15	.9	11	7
     425	7.7	.96	.2	2	.047	15	60	.9955	3.36	.44	10.9	5
     426	6.6	.84	.03	2.3	.059	32	48	.9952	3.52	.56	12.3	7
     427	6.4	.67	.08	2.1	.045	19	48	.9949	3.49	.49	11.4	6
     428	9.5	.78	.22	1.9	.077	6	32	.9988	3.26	.56	10.6	6
     429	9.1	.52	.33	1.3	.07	9	30	.9978	3.24	.6	9.3	5
     430	12.8	.84	.63	2.4	.088	13	35	.9997	3.1	.6	10.4	6
     431	10.5	.24	.47	2.1	.066	6	24	.9978	3.15	.9	11	7
     432	7.8	.55	.35	2.2	.074	21	66	.9974	3.25	.56	9.2	5
     433	11.9	.37	.69	2.3	.078	12	24	.9958	3	.65	12.8	6
     434	12.3	.39	.63	2.3	.091	6	18	1.0004	3.16	.49	9.5	5
     435	10.4	.41	.55	3.2	.076	22	54	.9996	3.15	.89	9.9	6
     436	12.3	.39	.63	2.3	.091	6	18	1.0004	3.16	.49	9.5	5
     437	8	.67	.3	2	.06	38	62	.9958	3.26	.56	10.2	6
     438	11.1	.45	.73	3.2	.066	6	22	.9986	3.17	.66	11.2	6
     439	10.4	.41	.55	3.2	.076	22	54	.9996	3.15	.89	9.9	6
     440	7	.62	.18	1.5	.062	7	50	.9951	3.08	.6	9.3	5
     441	12.6	.31	.72	2.2	.072	6	29	.9987	2.88	.82	9.8	8
     442	11.9	.4	.65	2.15	.068	7	27	.9988	3.06	.68	11.3	6
     443	15.6	.685	.76	3.7	.1	6	43	1.0032	2.95	.68	11.2	7
     444	10	.44	.49	2.7	.077	11	19	.9963	3.23	.63	11.6	7
     445	5.3	.57	.01	1.7	.054	5	27	.9934	3.57	.84	12.5	7
     446	9.5	.735	.1	2.1	.079	6	31	.9986	3.23	.56	10.1	6
     447	12.5	.38	.6	2.6	.081	31	72	.9996	3.1	.73	10.5	5
     448	9.3	.48	.29	2.1	.127	6	16	.9968	3.22	.72	11.2	5
     449	8.6	.53	.22	2	.1	7	27	.9967	3.2	.56	10.2	6
     450	11.9	.39	.69	2.8	.095	17	35	.9994	3.1	.61	10.8	6
     451	11.9	.39	.69	2.8	.095	17	35	.9994	3.1	.61	10.8	6
     452	8.4	.37	.53	1.8	.413	9	26	.9979	3.06	1.06	9.1	6
     453	6.8	.56	.03	1.7	.084	18	35	.9968	3.44	.63	10	6
     454	10.4	.33	.63	2.8	.084	5	22	.9998	3.26	.74	11.2	7
     455	7	.23	.4	1.6	.063	21	67	.9952	3.5	.63	11.1	5
     456	11.3	.62	.67	5.2	.086	6	19	.9988	3.22	.69	13.4	8
     457	8.9	.59	.39	2.3	.095	5	22	.9986	3.37	.58	10.3	5
     458	9.2	.63	.21	2.7	.097	29	65	.9988	3.28	.58	9.6	5
     459	10.4	.33	.63	2.8	.084	5	22	.9998	3.26	.74	11.2	7
     460	11.6	.58	.66	2.2	.074	10	47	1.0008	3.25	.57	9	3
     461	9.2	.43	.52	2.3	.083	14	23	.9976	3.35	.61	11.3	6
     462	8.3	.615	.22	2.6	.087	6	19	.9982	3.26	.61	9.3	5
     463	11	.26	.68	2.55	.085	10	25	.997	3.18	.61	11.8	5
     464	8.1	.66	.7	2.2	.098	25	129	.9972	3.08	.53	9	5
     465	11.5	.315	.54	2.1	.084	5	15	.9987	2.98	.7	9.2	6
     466	10	.29	.4	2.9	.098	10	26	1.0006	3.48	.91	9.7	5
     467	10.3	.5	.42	2	.069	21	51	.9982	3.16	.72	11.5	6
     468	8.8	.46	.45	2.6	.065	7	18	.9947	3.32	.79	14	6
     469	11.4	.36	.69	2.1	.09	6	21	1	3.17	.62	9.2	6
     470	8.7	.82	.02	1.2	.07	36	48	.9952	3.2	.58	9.8	5
     471	13	.32	.65	2.6	.093	15	47	.9996	3.05	.61	10.6	5
     472	9.6	.54	.42	2.4	.081	25	52	.997	3.2	.71	11.4	6
     473	12.5	.37	.55	2.6	.083	25	68	.9995	3.15	.82	10.4	6
     474	9.9	.35	.55	2.1	.062	5	14	.9971	3.26	.79	10.6	5
     475	10.5	.28	.51	1.7	.08	10	24	.9982	3.2	.89	9.4	6
     476	9.6	.68	.24	2.2	.087	5	28	.9988	3.14	.6	10.2	5
     477	9.3	.27	.41	2	.091	6	16	.998	3.28	.7	9.7	5
     478	10.4	.24	.49	1.8	.075	6	20	.9977	3.18	1.06	11	6
     479	9.6	.68	.24	2.2	.087	5	28	.9988	3.14	.6	10.2	5
     480	9.4	.685	.11	2.7	.077	6	31	.9984	3.19	.7	10.1	6
     481	10.6	.28	.39	15.5	.069	6	23	1.0026	3.12	.66	9.2	5
     482	9.4	.3	.56	2.8	.08	6	17	.9964	3.15	.92	11.7	8
     483	10.6	.36	.59	2.2	.152	6	18	.9986	3.04	1.05	9.4	5
     484	10.6	.36	.6	2.2	.152	7	18	.9986	3.04	1.06	9.4	5
     485	10.6	.44	.68	4.1	.114	6	24	.997	3.06	.66	13.4	6
     486	10.2	.67	.39	1.9	.054	6	17	.9976	3.17	.47	10	5
     487	10.2	.67	.39	1.9	.054	6	17	.9976	3.17	.47	10	5
     488	10.2	.645	.36	1.8	.053	5	14	.9982	3.17	.42	10	6
     489	11.6	.32	.55	2.8	.081	35	67	1.0002	3.32	.92	10.8	7
     490	9.3	.39	.4	2.6	.073	10	26	.9984	3.34	.75	10.2	6
     491	9.3	.775	.27	2.8	.078	24	56	.9984	3.31	.67	10.6	6
     492	9.2	.41	.5	2.5	.055	12	25	.9952	3.34	.79	13.3	7
     493	8.9	.4	.51	2.6	.052	13	27	.995	3.32	.9	13.4	7
     494	8.7	.69	.31	3	.086	23	81	1.0002	3.48	.74	11.6	6
     495	6.5	.39	.23	8.3	.051	28	91	.9952	3.44	.55	12.1	6
     496	10.7	.35	.53	2.6	.07	5	16	.9972	3.15	.65	11	8
     497	7.8	.52	.25	1.9	.081	14	38	.9984	3.43	.65	9	6
     498	7.2	.34	.32	2.5	.09	43	113	.9966	3.32	.79	11.1	5
     499	10.7	.35	.53	2.6	.07	5	16	.9972	3.15	.65	11	8
     500	8.7	.69	.31	3	.086	23	81	1.0002	3.48	.74	11.6	6
     501	7.8	.52	.25	1.9	.081	14	38	.9984	3.43	.65	9	6
     502	10.4	.44	.73	6.55	.074	38	76	.999	3.17	.85	12	7
     503	10.4	.44	.73	6.55	.074	38	76	.999	3.17	.85	12	7
     504	10.5	.26	.47	1.9	.078	6	24	.9976	3.18	1.04	10.9	7
     505	10.5	.24	.42	1.8	.077	6	22	.9976	3.21	1.05	10.8	7
     506	10.2	.49	.63	2.9	.072	10	26	.9968	3.16	.78	12.5	7
     507	10.4	.24	.46	1.8	.075	6	21	.9976	3.25	1.02	10.8	7
     508	11.2	.67	.55	2.3	.084	6	13	1	3.17	.71	9.5	6
     509	10	.59	.31	2.2	.09	26	62	.9994	3.18	.63	10.2	6
     510	13.3	.29	.75	2.8	.084	23	43	.9986	3.04	.68	11.4	7
     511	12.4	.42	.49	4.6	.073	19	43	.9978	3.02	.61	9.5	5
     512	10	.59	.31	2.2	.09	26	62	.9994	3.18	.63	10.2	6
     513	10.7	.4	.48	2.1	.125	15	49	.998	3.03	.81	9.7	6
     514	10.5	.51	.64	2.4	.107	6	15	.9973	3.09	.66	11.8	7
     515	10.5	.51	.64	2.4	.107	6	15	.9973	3.09	.66	11.8	7
     516	8.5	.655	.49	6.1	.122	34	151	1.001	3.31	1.14	9.3	5
     517	12.5	.6	.49	4.3	.1	5	14	1.001	3.25	.74	11.9	6
     518	10.4	.61	.49	2.1	.2	5	16	.9994	3.16	.63	8.4	3
     519	10.9	.21	.49	2.8	.088	11	32	.9972	3.22	.68	11.7	6
     520	7.3	.365	.49	2.5	.088	39	106	.9966	3.36	.78	11	5
     521	9.8	.25	.49	2.7	.088	15	33	.9982	3.42	.9	10	6
     522	7.6	.41	.49	2	.088	16	43	.998	3.48	.64	9.1	5
     523	8.2	.39	.49	2.3	.099	47	133	.9979	3.38	.99	9.8	5
     524	9.3	.4	.49	2.5	.085	38	142	.9978	3.22	.55	9.4	5
     525	9.2	.43	.49	2.4	.086	23	116	.9976	3.23	.64	9.5	5
     526	10.4	.64	.24	2.8	.105	29	53	.9998	3.24	.67	9.9	5
     527	7.3	.365	.49	2.5	.088	39	106	.9966	3.36	.78	11	5
     528	7	.38	.49	2.5	.097	33	85	.9962	3.39	.77	11.4	6
     529	8.2	.42	.49	2.6	.084	32	55	.9988	3.34	.75	8.7	6
     530	9.9	.63	.24	2.4	.077	6	33	.9974	3.09	.57	9.4	5
     531	9.1	.22	.24	2.1	.078	1	28	.999	3.41	.87	10.3	6
     532	11.9	.38	.49	2.7	.098	12	42	1.0004	3.16	.61	10.3	5
     533	11.9	.38	.49	2.7	.098	12	42	1.0004	3.16	.61	10.3	5
     534	10.3	.27	.24	2.1	.072	15	33	.9956	3.22	.66	12.8	6
     535	10	.48	.24	2.7	.102	13	32	1	3.28	.56	10	6
     536	9.1	.22	.24	2.1	.078	1	28	.999	3.41	.87	10.3	6
     537	9.9	.63	.24	2.4	.077	6	33	.9974	3.09	.57	9.4	5
     538	8.1	.825	.24	2.1	.084	5	13	.9972	3.37	.77	10.7	6
     539	12.9	.35	.49	5.8	.066	5	35	1.0014	3.2	.66	12	7
     540	11.2	.5	.74	5.15	.1	5	17	.9996	3.22	.62	11.2	5
     541	9.2	.59	.24	3.3	.101	20	47	.9988	3.26	.67	9.6	5
     542	9.5	.46	.49	6.3	.064	5	17	.9988	3.21	.73	11	6
     543	9.3	.715	.24	2.1	.07	5	20	.9966	3.12	.59	9.9	5
     544	11.2	.66	.24	2.5	.085	16	53	.9993	3.06	.72	11	6
     545	14.3	.31	.74	1.8	.075	6	15	1.0008	2.86	.79	8.4	6
     546	9.1	.47	.49	2.6	.094	38	106	.9982	3.08	.59	9.1	5
     547	7.5	.55	.24	2	.078	10	28	.9983	3.45	.78	9.5	6
     548	10.6	.31	.49	2.5	.067	6	21	.9987	3.26	.86	10.7	6
     549	12.4	.35	.49	2.6	.079	27	69	.9994	3.12	.75	10.4	6
     550	9	.53	.49	1.9	.171	6	25	.9975	3.27	.61	9.4	6
     551	6.8	.51	.01	2.1	.074	9	25	.9958	3.33	.56	9.5	6
     552	9.4	.43	.24	2.8	.092	14	45	.998	3.19	.73	10	6
     553	9.5	.46	.24	2.7	.092	14	44	.998	3.12	.74	10	6
     554	5	1.04	.24	1.6	.05	32	96	.9934	3.74	.62	11.5	5
     555	15.5	.645	.49	4.2	.095	10	23	1.00315	2.92	.74	11.1	5
     556	15.5	.645	.49	4.2	.095	10	23	1.00315	2.92	.74	11.1	5
     557	10.9	.53	.49	4.6	.118	10	17	1.0002	3.07	.56	11.7	6
     558	15.6	.645	.49	4.2	.095	10	23	1.00315	2.92	.74	11.1	5
     559	10.9	.53	.49	4.6	.118	10	17	1.0002	3.07	.56	11.7	6
     560	13	.47	.49	4.3	.085	6	47	1.0021	3.3	.68	12.7	6
     561	12.7	.6	.49	2.8	.075	5	19	.9994	3.14	.57	11.4	5
     562	9	.44	.49	2.4	.078	26	121	.9978	3.23	.58	9.2	5
     563	9	.54	.49	2.9	.094	41	110	.9982	3.08	.61	9.2	5
     564	7.6	.29	.49	2.7	.092	25	60	.9971	3.31	.61	10.1	6
     565	13	.47	.49	4.3	.085	6	47	1.0021	3.3	.68	12.7	6
     566	12.7	.6	.49	2.8	.075	5	19	.9994	3.14	.57	11.4	5
     567	8.7	.7	.24	2.5	.226	5	15	.9991	3.32	.6	9	6
     568	8.7	.7	.24	2.5	.226	5	15	.9991	3.32	.6	9	6
     569	9.8	.5	.49	2.6	.25	5	20	.999	3.31	.79	10.7	6
     570	6.2	.36	.24	2.2	.095	19	42	.9946	3.57	.57	11.7	6
     571	11.5	.35	.49	3.3	.07	10	37	1.0003	3.32	.91	11	6
     572	6.2	.36	.24	2.2	.095	19	42	.9946	3.57	.57	11.7	6
     573	10.2	.24	.49	2.4	.075	10	28	.9978	3.14	.61	10.4	5
     574	10.5	.59	.49	2.1	.07	14	47	.9991	3.3	.56	9.6	4
     575	10.6	.34	.49	3.2	.078	20	78	.9992	3.19	.7	10	6
     576	12.3	.27	.49	3.1	.079	28	46	.9993	3.2	.8	10.2	6
     577	9.9	.5	.24	2.3	.103	6	14	.9978	3.34	.52	10	4
     578	8.8	.44	.49	2.8	.083	18	111	.9982	3.3	.6	9.5	5
     579	8.8	.47	.49	2.9	.085	17	110	.9982	3.29	.6	9.8	5
     580	10.6	.31	.49	2.2	.063	18	40	.9976	3.14	.51	9.8	6
     581	12.3	.5	.49	2.2	.089	5	14	1.0002	3.19	.44	9.6	5
     582	12.3	.5	.49	2.2	.089	5	14	1.0002	3.19	.44	9.6	5
     583	11.7	.49	.49	2.2	.083	5	15	1	3.19	.43	9.2	5
     584	12	.28	.49	1.9	.074	10	21	.9976	2.98	.66	9.9	7
     585	11.8	.33	.49	3.4	.093	54	80	1.0002	3.3	.76	10.7	7
     586	7.6	.51	.24	2.4	.091	8	38	.998	3.47	.66	9.6	6
     587	11.1	.31	.49	2.7	.094	16	47	.9986	3.12	1.02	10.6	7
     588	7.3	.73	.24	1.9	.108	18	102	.9967	3.26	.59	9.3	5
     589	5	.42	.24	2	.06	19	50	.9917	3.72	.74	14	8
     590	10.2	.29	.49	2.6	.059	5	13	.9976	3.05	.74	10.5	7
     591	9	.45	.49	2.6	.084	21	75	.9987	3.35	.57	9.7	5
     592	6.6	.39	.49	1.7	.07	23	149	.9922	3.12	.5	11.5	6
     593	9	.45	.49	2.6	.084	21	75	.9987	3.35	.57	9.7	5
     594	9.9	.49	.58	3.5	.094	9	43	1.0004	3.29	.58	9	5
     595	7.9	.72	.17	2.6	.096	20	38	.9978	3.4	.53	9.5	5
     596	8.9	.595	.41	7.9	.086	30	109	.9998	3.27	.57	9.3	5
     597	12.4	.4	.51	2	.059	6	24	.9994	3.04	.6	9.3	6
     598	11.9	.58	.58	1.9	.071	5	18	.998	3.09	.63	10	6
     599	8.5	.585	.18	2.1	.078	5	30	.9967	3.2	.48	9.8	6
     600	12.7	.59	.45	2.3	.082	11	22	1	3	.7	9.3	6
     601	8.2	.915	.27	2.1	.088	7	23	.9962	3.26	.47	10	4
     602	13.2	.46	.52	2.2	.071	12	35	1.0006	3.1	.56	9	6
     603	7.7	.835	0	2.6	.081	6	14	.9975	3.3	.52	9.3	5
     604	13.2	.46	.52	2.2	.071	12	35	1.0006	3.1	.56	9	6
     605	8.3	.58	.13	2.9	.096	14	63	.9984	3.17	.62	9.1	6
     606	8.3	.6	.13	2.6	.085	6	24	.9984	3.31	.59	9.2	6
     607	9.4	.41	.48	4.6	.072	10	20	.9973	3.34	.79	12.2	7
     608	8.8	.48	.41	3.3	.092	26	52	.9982	3.31	.53	10.5	6
     609	10.1	.65	.37	5.1	.11	11	65	1.0026	3.32	.64	10.4	6
     610	6.3	.36	.19	3.2	.075	15	39	.9956	3.56	.52	12.7	6
     611	8.8	.24	.54	2.5	.083	25	57	.9983	3.39	.54	9.2	5
     612	13.2	.38	.55	2.7	.081	5	16	1.0006	2.98	.54	9.4	5
     613	7.5	.64	0	2.4	.077	18	29	.9965	3.32	.6	10	6
     614	8.2	.39	.38	1.5	.058	10	29	.9962	3.26	.74	9.8	5
     615	9.2	.755	.18	2.2	.148	10	103	.9969	2.87	1.36	10.2	6
     616	9.6	.6	.5	2.3	.079	28	71	.9997	3.5	.57	9.7	5
     617	9.6	.6	.5	2.3	.079	28	71	.9997	3.5	.57	9.7	5
     618	11.5	.31	.51	2.2	.079	14	28	.9982	3.03	.93	9.8	6
     619	11.4	.46	.5	2.7	.122	4	17	1.0006	3.13	.7	10.2	5
     620	11.3	.37	.41	2.3	.088	6	16	.9988	3.09	.8	9.3	5
     621	8.3	.54	.24	3.4	.076	16	112	.9976	3.27	.61	9.4	5
     622	8.2	.56	.23	3.4	.078	14	104	.9976	3.28	.62	9.4	5
     623	10	.58	.22	1.9	.08	9	32	.9974	3.13	.55	9.5	5
     624	7.9	.51	.25	2.9	.077	21	45	.9974	3.49	.96	12.1	6
     625	6.8	.69	0	5.6	.124	21	58	.9997	3.46	.72	10.2	5
     626	6.8	.69	0	5.6	.124	21	58	.9997	3.46	.72	10.2	5
     627	8.8	.6	.29	2.2	.098	5	15	.9988	3.36	.49	9.1	5
     628	8.8	.6	.29	2.2	.098	5	15	.9988	3.36	.49	9.1	5
     629	8.7	.54	.26	2.5	.097	7	31	.9976	3.27	.6	9.3	6
     630	7.6	.685	.23	2.3	.111	20	84	.9964	3.21	.61	9.3	5
     631	8.7	.54	.26	2.5	.097	7	31	.9976	3.27	.6	9.3	6
     632	10.4	.28	.54	2.7	.105	5	19	.9988	3.25	.63	9.5	5
     633	7.6	.41	.14	3	.087	21	43	.9964	3.32	.57	10.5	6
     634	10.1	.935	.22	3.4	.105	11	86	1.001	3.43	.64	11.3	4
     635	7.9	.35	.21	1.9	.073	46	102	.9964	3.27	.58	9.5	5
     636	8.7	.84	0	1.4	.065	24	33	.9954	3.27	.55	9.7	5
     637	9.6	.88	.28	2.4	.086	30	147	.9979	3.24	.53	9.4	5
     638	9.5	.885	.27	2.3	.084	31	145	.9978	3.24	.53	9.4	5
     639	7.7	.915	.12	2.2	.143	7	23	.9964	3.35	.65	10.2	7
     640	8.9	.29	.35	1.9	.067	25	57	.997	3.18	1.36	10.3	6
     641	9.9	.54	.45	2.3	.071	16	40	.9991	3.39	.62	9.4	5
     642	9.5	.59	.44	2.3	.071	21	68	.9992	3.46	.63	9.5	5
     643	9.9	.54	.45	2.3	.071	16	40	.9991	3.39	.62	9.4	5
     644	9.5	.59	.44	2.3	.071	21	68	.9992	3.46	.63	9.5	5
     645	9.9	.54	.45	2.3	.071	16	40	.9991	3.39	.62	9.4	5
     646	7.8	.64	.1	6	.115	5	11	.9984	3.37	.69	10.1	7
     647	7.3	.67	.05	3.6	.107	6	20	.9972	3.4	.63	10.1	5
     648	8.3	.845	.01	2.2	.07	5	14	.9967	3.32	.58	11	4
     649	8.7	.48	.3	2.8	.066	10	28	.9964	3.33	.67	11.2	7
     650	6.7	.42	.27	8.6	.068	24	148	.9948	3.16	.57	11.3	6
     651	10.7	.43	.39	2.2	.106	8	32	.9986	2.89	.5	9.6	5
     652	9.8	.88	.25	2.5	.104	35	155	1.001	3.41	.67	11.2	5
     653	15.9	.36	.65	7.5	.096	22	71	.9976	2.98	.84	14.9	5
     654	9.4	.33	.59	2.8	.079	9	30	.9976	3.12	.54	12	6
     655	8.6	.47	.47	2.4	.074	7	29	.9979	3.08	.46	9.5	5
     656	9.7	.55	.17	2.9	.087	20	53	1.0004	3.14	.61	9.4	5
     657	10.7	.43	.39	2.2	.106	8	32	.9986	2.89	.5	9.6	5
     658	12	.5	.59	1.4	.073	23	42	.998	2.92	.68	10.5	7
     659	7.2	.52	.07	1.4	.074	5	20	.9973	3.32	.81	9.6	6
     660	7.1	.84	.02	4.4	.096	5	13	.997	3.41	.57	11	4
     661	7.2	.52	.07	1.4	.074	5	20	.9973	3.32	.81	9.6	6
     662	7.5	.42	.31	1.6	.08	15	42	.9978	3.31	.64	9	5
     663	7.2	.57	.06	1.6	.076	9	27	.9972	3.36	.7	9.6	6
     664	10.1	.28	.46	1.8	.05	5	13	.9974	3.04	.79	10.2	6
     665	12.1	.4	.52	2	.092	15	54	1	3.03	.66	10.2	5
     666	9.4	.59	.14	2	.084	25	48	.9981	3.14	.56	9.7	5
     667	8.3	.49	.36	1.8	.222	6	16	.998	3.18	.6	9.5	6
     668	11.3	.34	.45	2	.082	6	15	.9988	2.94	.66	9.2	6
     669	10	.73	.43	2.3	.059	15	31	.9966	3.15	.57	11	5
     670	11.3	.34	.45	2	.082	6	15	.9988	2.94	.66	9.2	6
     671	6.9	.4	.24	2.5	.083	30	45	.9959	3.26	.58	10	5
     672	8.2	.73	.21	1.7	.074	5	13	.9968	3.2	.52	9.5	5
     673	9.8	1.24	.34	2	.079	32	151	.998	3.15	.53	9.5	5
     674	8.2	.73	.21	1.7	.074	5	13	.9968	3.2	.52	9.5	5
     675	10.8	.4	.41	2.2	.084	7	17	.9984	3.08	.67	9.3	6
     676	9.3	.41	.39	2.2	.064	12	31	.9984	3.26	.65	10.2	5
     677	10.8	.4	.41	2.2	.084	7	17	.9984	3.08	.67	9.3	6
     678	8.6	.8	.11	2.3	.084	12	31	.9979	3.4	.48	9.9	5
     679	8.3	.78	.1	2.6	.081	45	87	.9983	3.48	.53	10	5
     680	10.8	.26	.45	3.3	.06	20	49	.9972	3.13	.54	9.6	5
     681	13.3	.43	.58	1.9	.07	15	40	1.0004	3.06	.49	9	5
     682	8	.45	.23	2.2	.094	16	29	.9962	3.21	.49	10.2	6
     683	8.5	.46	.31	2.25	.078	32	58	.998	3.33	.54	9.8	5
     684	8.1	.78	.23	2.6	.059	5	15	.997	3.37	.56	11.3	5
     685	9.8	.98	.32	2.3	.078	35	152	.998	3.25	.48	9.4	5
     686	8.1	.78	.23	2.6	.059	5	15	.997	3.37	.56	11.3	5
     687	7.1	.65	.18	1.8	.07	13	40	.997	3.44	.6	9.1	5
     688	9.1	.64	.23	3.1	.095	13	38	.9998	3.28	.59	9.7	5
     689	7.7	.66	.04	1.6	.039	4	9	.9962	3.4	.47	9.4	5
     690	8.1	.38	.48	1.8	.157	5	17	.9976	3.3	1.05	9.4	5
     691	7.4	1.185	0	4.25	.097	5	14	.9966	3.63	.54	10.7	3
     692	9.2	.92	.24	2.6	.087	12	93	.9998	3.48	.54	9.8	5
     693	8.6	.49	.51	2	.422	16	62	.9979	3.03	1.17	9	5
     694	9	.48	.32	2.8	.084	21	122	.9984	3.32	.62	9.4	5
     695	9	.47	.31	2.7	.084	24	125	.9984	3.31	.61	9.4	5
     696	5.1	.47	.02	1.3	.034	18	44	.9921	3.9	.62	12.8	6
     697	7	.65	.02	2.1	.066	8	25	.9972	3.47	.67	9.5	6
     698	7	.65	.02	2.1	.066	8	25	.9972	3.47	.67	9.5	6
     699	9.4	.615	.28	3.2	.087	18	72	1.0001	3.31	.53	9.7	5
     700	11.8	.38	.55	2.1	.071	5	19	.9986	3.11	.62	10.8	6
     701	10.6	1.02	.43	2.9	.076	26	88	.9984	3.08	.57	10.1	6
     702	7	.65	.02	2.1	.066	8	25	.9972	3.47	.67	9.5	6
     703	7	.64	.02	2.1	.067	9	23	.997	3.47	.67	9.4	6
     704	7.5	.38	.48	2.6	.073	22	84	.9972	3.32	.7	9.6	4
     705	9.1	.765	.04	1.6	.078	4	14	.998	3.29	.54	9.7	4
     706	8.4	1.035	.15	6	.073	11	54	.999	3.37	.49	9.9	5
     707	7	.78	.08	2	.093	10	19	.9956	3.4	.47	10	5
     708	7.4	.49	.19	3	.077	16	37	.9966	3.37	.51	10.5	5
     709	7.8	.545	.12	2.5	.068	11	35	.996	3.34	.61	11.6	6
     710	9.7	.31	.47	1.6	.062	13	33	.9983	3.27	.66	10	6
     711	10.6	1.025	.43	2.8	.08	21	84	.9985	3.06	.57	10.1	5
     712	8.9	.565	.34	3	.093	16	112	.9998	3.38	.61	9.5	5
     713	8.7	.69	0	3.2	.084	13	33	.9992	3.36	.45	9.4	5
     714	8	.43	.36	2.3	.075	10	48	.9976	3.34	.46	9.4	5
     715	9.9	.74	.28	2.6	.078	21	77	.998	3.28	.51	9.8	5
     716	7.2	.49	.18	2.7	.069	13	34	.9967	3.29	.48	9.2	6
     717	8	.43	.36	2.3	.075	10	48	.9976	3.34	.46	9.4	5
     718	7.6	.46	.11	2.6	.079	12	49	.9968	3.21	.57	10	5
     719	8.4	.56	.04	2	.082	10	22	.9976	3.22	.44	9.6	5
     720	7.1	.66	0	3.9	.086	17	45	.9976	3.46	.54	9.5	5
     721	8.4	.56	.04	2	.082	10	22	.9976	3.22	.44	9.6	5
     722	8.9	.48	.24	2.85	.094	35	106	.9982	3.1	.53	9.2	5
     723	7.6	.42	.08	2.7	.084	15	48	.9968	3.21	.59	10	5
     724	7.1	.31	.3	2.2	.053	36	127	.9965	2.94	1.62	9.5	5
     725	7.5	1.115	.1	3.1	.086	5	12	.9958	3.54	.6	11.2	4
     726	9	.66	.17	3	.077	5	13	.9976	3.29	.55	10.4	5
     727	8.1	.72	.09	2.8	.084	18	49	.9994	3.43	.72	11.1	6
     728	6.4	.57	.02	1.8	.067	4	11	.997	3.46	.68	9.5	5
     729	6.4	.57	.02	1.8	.067	4	11	.997	3.46	.68	9.5	5
     730	6.4	.865	.03	3.2	.071	27	58	.995	3.61	.49	12.7	6
     731	9.5	.55	.66	2.3	.387	12	37	.9982	3.17	.67	9.6	5
     732	8.9	.875	.13	3.45	.088	4	14	.9994	3.44	.52	11.5	5
     733	7.3	.835	.03	2.1	.092	10	19	.9966	3.39	.47	9.6	5
     734	7	.45	.34	2.7	.082	16	72	.998	3.55	.6	9.5	5
     735	7.7	.56	.2	2	.075	9	39	.9987	3.48	.62	9.3	5
     736	7.7	.965	.1	2.1	.112	11	22	.9963	3.26	.5	9.5	5
     737	7.7	.965	.1	2.1	.112	11	22	.9963	3.26	.5	9.5	5
     738	8.2	.59	0	2.5	.093	19	58	1.0002	3.5	.65	9.3	6
     739	9	.46	.23	2.8	.092	28	104	.9983	3.1	.56	9.2	5
     740	9	.69	0	2.4	.088	19	38	.999	3.35	.6	9.3	5
     741	8.3	.76	.29	4.2	.075	12	16	.9965	3.45	.68	11.5	6
     742	9.2	.53	.24	2.6	.078	28	139	.99788	3.21	.57	9.5	5
     743	6.5	.615	0	1.9	.065	9	18	.9972	3.46	.65	9.2	5
     744	11.6	.41	.58	2.8	.096	25	101	1.00024	3.13	.53	10	5
     745	11.1	.39	.54	2.7	.095	21	101	1.0001	3.13	.51	9.5	5
     746	7.3	.51	.18	2.1	.07	12	28	.99768	3.52	.73	9.5	6
     747	8.2	.34	.38	2.5	.08	12	57	.9978	3.3	.47	9	6
     748	8.6	.33	.4	2.6	.083	16	68	.99782	3.3	.48	9.4	5
     749	7.2	.5	.18	2.1	.071	12	31	.99761	3.52	.72	9.6	6
     750	7.3	.51	.18	2.1	.07	12	28	.99768	3.52	.73	9.5	6
     751	8.3	.65	.1	2.9	.089	17	40	.99803	3.29	.55	9.5	5
     752	8.3	.65	.1	2.9	.089	17	40	.99803	3.29	.55	9.5	5
     753	7.6	.54	.13	2.5	.097	24	66	.99785	3.39	.61	9.4	5
     754	8.3	.65	.1	2.9	.089	17	40	.99803	3.29	.55	9.5	5
     755	7.8	.48	.68	1.7	.415	14	32	.99656	3.09	1.06	9.1	6
     756	7.8	.91	.07	1.9	.058	22	47	.99525	3.51	.43	10.7	6
     757	6.3	.98	.01	2	.057	15	33	.99488	3.6	.46	11.2	6
     758	8.1	.87	0	2.2	.084	10	31	.99656	3.25	.5	9.8	5
     759	8.1	.87	0	2.2	.084	10	31	.99656	3.25	.5	9.8	5
     760	8.8	.42	.21	2.5	.092	33	88	.99823	3.19	.52	9.2	5
     761	9	.58	.25	2.8	.075	9	104	.99779	3.23	.57	9.7	5
     762	9.3	.655	.26	2	.096	5	35	.99738	3.25	.42	9.6	5
     763	8.8	.7	0	1.7	.069	8	19	.99701	3.31	.53	10	6
     764	9.3	.655	.26	2	.096	5	35	.99738	3.25	.42	9.6	5
     765	9.1	.68	.11	2.8	.093	11	44	.99888	3.31	.55	9.5	6
     766	9.2	.67	.1	3	.091	12	48	.99888	3.31	.54	9.5	6
     767	8.8	.59	.18	2.9	.089	12	74	.99738	3.14	.54	9.4	5
     768	7.5	.6	.32	2.7	.103	13	98	.99938	3.45	.62	9.5	5
     769	7.1	.59	.02	2.3	.082	24	94	.99744	3.55	.53	9.7	6
     770	7.9	.72	.01	1.9	.076	7	32	.99668	3.39	.54	9.6	5
     771	7.1	.59	.02	2.3	.082	24	94	.99744	3.55	.53	9.7	6
     772	9.4	.685	.26	2.4	.082	23	143	.9978	3.28	.55	9.4	5
     773	9.5	.57	.27	2.3	.082	23	144	.99782	3.27	.55	9.4	5
     774	7.9	.4	.29	1.8	.157	1	44	.9973	3.3	.92	9.5	6
     775	7.9	.4	.3	1.8	.157	2	45	.99727	3.31	.91	9.5	6
     776	7.2	1	0	3	.102	7	16	.99586	3.43	.46	10	5
     777	6.9	.765	.18	2.4	.243	5.5	48	.99612	3.4	.6	10.3	6
     778	6.9	.635	.17	2.4	.241	6	18	.9961	3.4	.59	10.3	6
     779	8.3	.43	.3	3.4	.079	7	34	.99788	3.36	.61	10.5	5
     780	7.1	.52	.03	2.6	.076	21	92	.99745	3.5	.6	9.8	5
     781	7	.57	0	2	.19	12	45	.99676	3.31	.6	9.4	6
     782	6.5	.46	.14	2.4	.114	9	37	.99732	3.66	.65	9.8	5
     783	9	.82	.05	2.4	.081	26	96	.99814	3.36	.53	10	5
     784	6.5	.46	.14	2.4	.114	9	37	.99732	3.66	.65	9.8	5
     785	7.1	.59	.01	2.5	.077	20	85	.99746	3.55	.59	9.8	5
     786	9.9	.35	.41	2.3	.083	11	61	.9982	3.21	.5	9.5	5
     787	9.9	.35	.41	2.3	.083	11	61	.9982	3.21	.5	9.5	5
     788	10	.56	.24	2.2	.079	19	58	.9991	3.18	.56	10.1	6
     789	10	.56	.24	2.2	.079	19	58	.9991	3.18	.56	10.1	6
     790	8.6	.63	.17	2.9	.099	21	119	.998	3.09	.52	9.3	5
     791	7.4	.37	.43	2.6	.082	18	82	.99708	3.33	.68	9.7	6
     792	8.8	.64	.17	2.9	.084	25	130	.99818	3.23	.54	9.6	5
     793	7.1	.61	.02	2.5	.081	17	87	.99745	3.48	.6	9.7	6
     794	7.7	.6	0	2.6	.055	7	13	.99639	3.38	.56	10.8	5
     795	10.1	.27	.54	2.3	.065	7	26	.99531	3.17	.53	12.5	6
     796	10.8	.89	.3	2.6	.132	7	60	.99786	2.99	1.18	10.2	5
     797	8.7	.46	.31	2.5	.126	24	64	.99746	3.1	.74	9.6	5
     798	9.3	.37	.44	1.6	.038	21	42	.99526	3.24	.81	10.8	7
     799	9.4	.5	.34	3.6	.082	5	14	.9987	3.29	.52	10.7	6
     800	9.4	.5	.34	3.6	.082	5	14	.9987	3.29	.52	10.7	6
     801	7.2	.61	.08	4	.082	26	108	.99641	3.25	.51	9.4	5
     802	8.6	.55	.09	3.3	.068	8	17	.99735	3.23	.44	10	5
     803	5.1	.585	0	1.7	.044	14	86	.99264	3.56	.94	12.9	7
     804	7.7	.56	.08	2.5	.114	14	46	.9971	3.24	.66	9.6	6
     805	8.4	.52	.22	2.7	.084	4	18	.99682	3.26	.57	9.9	6
     806	8.2	.28	.4	2.4	.052	4	10	.99356	3.33	.7	12.8	7
     807	8.4	.25	.39	2	.041	4	10	.99386	3.27	.71	12.5	7
     808	8.2	.28	.4	2.4	.052	4	10	.99356	3.33	.7	12.8	7
     809	7.4	.53	.12	1.9	.165	4	12	.99702	3.26	.86	9.2	5
     810	7.6	.48	.31	2.8	.07	4	15	.99693	3.22	.55	10.3	6
     811	7.3	.49	.1	2.6	.068	4	14	.99562	3.3	.47	10.5	5
     812	12.9	.5	.55	2.8	.072	7	24	1.00012	3.09	.68	10.9	6
     813	10.8	.45	.33	2.5	.099	20	38	.99818	3.24	.71	10.8	5
     814	6.9	.39	.24	2.1	.102	4	7	.99462	3.44	.58	11.4	4
     815	12.6	.41	.54	2.8	.103	19	41	.99939	3.21	.76	11.3	6
     816	10.8	.45	.33	2.5	.099	20	38	.99818	3.24	.71	10.8	5
     817	9.8	.51	.19	3.2	.081	8	30	.9984	3.23	.58	10.5	6
     818	10.8	.29	.42	1.6	.084	19	27	.99545	3.28	.73	11.9	6
     819	7.1	.715	0	2.35	.071	21	47	.99632	3.29	.45	9.4	5
     820	9.1	.66	.15	3.2	.097	9	59	.99976	3.28	.54	9.6	5
     821	7	.685	0	1.9	.099	9	22	.99606	3.34	.6	9.7	5
     822	4.9	.42	0	2.1	.048	16	42	.99154	3.71	.74	14	7
     823	6.7	.54	.13	2	.076	15	36	.9973	3.61	.64	9.8	5
     824	6.7	.54	.13	2	.076	15	36	.9973	3.61	.64	9.8	5
     825	7.1	.48	.28	2.8	.068	6	16	.99682	3.24	.53	10.3	5
     826	7.1	.46	.14	2.8	.076	15	37	.99624	3.36	.49	10.7	5
     827	7.5	.27	.34	2.3	.05	4	8	.9951	3.4	.64	11	7
     828	7.1	.46	.14	2.8	.076	15	37	.99624	3.36	.49	10.7	5
     829	7.8	.57	.09	2.3	.065	34	45	.99417	3.46	.74	12.7	8
     830	5.9	.61	.08	2.1	.071	16	24	.99376	3.56	.77	11.1	6
     831	7.5	.685	.07	2.5	.058	5	9	.99632	3.38	.55	10.9	4
     832	5.9	.61	.08	2.1	.071	16	24	.99376	3.56	.77	11.1	6
     833	10.4	.44	.42	1.5	.145	34	48	.99832	3.38	.86	9.9	3
     834	11.6	.47	.44	1.6	.147	36	51	.99836	3.38	.86	9.9	4
     835	8.8	.685	.26	1.6	.088	16	23	.99694	3.32	.47	9.4	5
     836	7.6	.665	.1	1.5	.066	27	55	.99655	3.39	.51	9.3	5
     837	6.7	.28	.28	2.4	.012	36	100	.99064	3.26	.39	11.7	7
     838	6.7	.28	.28	2.4	.012	36	100	.99064	3.26	.39	11.7	7
     839	10.1	.31	.35	1.6	.075	9	28	.99672	3.24	.83	11.2	7
     840	6	.5	.04	2.2	.092	13	26	.99647	3.46	.47	10	5
     841	11.1	.42	.47	2.65	.085	9	34	.99736	3.24	.77	12.1	7
     842	6.6	.66	0	3	.115	21	31	.99629	3.45	.63	10.3	5
     843	10.6	.5	.45	2.6	.119	34	68	.99708	3.23	.72	10.9	6
     844	7.1	.685	.35	2	.088	9	92	.9963	3.28	.62	9.4	5
     845	9.9	.25	.46	1.7	.062	26	42	.9959	3.18	.83	10.6	6
     846	6.4	.64	.21	1.8	.081	14	31	.99689	3.59	.66	9.8	5
     847	6.4	.64	.21	1.8	.081	14	31	.99689	3.59	.66	9.8	5
     848	7.4	.68	.16	1.8	.078	12	39	.9977	3.5	.7	9.9	6
     849	6.4	.64	.21	1.8	.081	14	31	.99689	3.59	.66	9.8	5
     850	6.4	.63	.21	1.6	.08	12	32	.99689	3.58	.66	9.8	5
     851	9.3	.43	.44	1.9	.085	9	22	.99708	3.28	.55	9.5	5
     852	9.3	.43	.44	1.9	.085	9	22	.99708	3.28	.55	9.5	5
     853	8	.42	.32	2.5	.08	26	122	.99801	3.22	1.07	9.7	5
     854	9.3	.36	.39	1.5	.08	41	55	.99652	3.47	.73	10.9	6
     855	9.3	.36	.39	1.5	.08	41	55	.99652	3.47	.73	10.9	6
     856	7.6	.735	.02	2.5	.071	10	14	.99538	3.51	.71	11.7	7
     857	9.3	.36	.39	1.5	.08	41	55	.99652	3.47	.73	10.9	6
     858	8.2	.26	.34	2.5	.073	16	47	.99594	3.4	.78	11.3	7
     859	11.7	.28	.47	1.7	.054	17	32	.99686	3.15	.67	10.6	7
     860	6.8	.56	.22	1.8	.074	15	24	.99438	3.4	.82	11.2	6
     861	7.2	.62	.06	2.7	.077	15	85	.99746	3.51	.54	9.5	5
     862	5.8	1.01	.66	2	.039	15	88	.99357	3.66	.6	11.5	6
     863	7.5	.42	.32	2.7	.067	7	25	.99628	3.24	.44	10.4	5
     864	7.2	.62	.06	2.5	.078	17	84	.99746	3.51	.53	9.7	5
     865	7.2	.62	.06	2.7	.077	15	85	.99746	3.51	.54	9.5	5
     866	7.2	.635	.07	2.6	.077	16	86	.99748	3.51	.54	9.7	5
     867	6.8	.49	.22	2.3	.071	13	24	.99438	3.41	.83	11.3	6
     868	6.9	.51	.23	2	.072	13	22	.99438	3.4	.84	11.2	6
     869	6.8	.56	.22	1.8	.074	15	24	.99438	3.4	.82	11.2	6
     870	7.6	.63	.03	2	.08	27	43	.99578	3.44	.64	10.9	6
     871	7.7	.715	.01	2.1	.064	31	43	.99371	3.41	.57	11.8	6
     872	6.9	.56	.03	1.5	.086	36	46	.99522	3.53	.57	10.6	5
     873	7.3	.35	.24	2	.067	28	48	.99576	3.43	.54	10	4
     874	9.1	.21	.37	1.6	.067	6	10	.99552	3.23	.58	11.1	7
     875	10.4	.38	.46	2.1	.104	6	10	.99664	3.12	.65	11.8	7
     876	8.8	.31	.4	2.8	.109	7	16	.99614	3.31	.79	11.8	7
     877	7.1	.47	0	2.2	.067	7	14	.99517	3.4	.58	10.9	4
     878	7.7	.715	.01	2.1	.064	31	43	.99371	3.41	.57	11.8	6
     879	8.8	.61	.19	4	.094	30	69	.99787	3.22	.5	10	6
     880	7.2	.6	.04	2.5	.076	18	88	.99745	3.53	.55	9.5	5
     881	9.2	.56	.18	1.6	.078	10	21	.99576	3.15	.49	9.9	5
     882	7.6	.715	0	2.1	.068	30	35	.99533	3.48	.65	11.4	6
     883	8.4	.31	.29	3.1	.194	14	26	.99536	3.22	.78	12	6
     884	7.2	.6	.04	2.5	.076	18	88	.99745	3.53	.55	9.5	5
     885	8.8	.61	.19	4	.094	30	69	.99787	3.22	.5	10	6
     886	8.9	.75	.14	2.5	.086	9	30	.99824	3.34	.64	10.5	5
     887	9	.8	.12	2.4	.083	8	28	.99836	3.33	.65	10.4	6
     888	10.7	.52	.38	2.6	.066	29	56	.99577	3.15	.79	12.1	7
     889	6.8	.57	0	2.5	.072	32	64	.99491	3.43	.56	11.2	6
     890	10.7	.9	.34	6.6	.112	23	99	1.00289	3.22	.68	9.3	5
     891	7.2	.34	.24	2	.071	30	52	.99576	3.44	.58	10.1	5
     892	7.2	.66	.03	2.3	.078	16	86	.99743	3.53	.57	9.7	5
     893	10.1	.45	.23	1.9	.082	10	18	.99774	3.22	.65	9.3	6
     894	7.2	.66	.03	2.3	.078	16	86	.99743	3.53	.57	9.7	5
     895	7.2	.63	.03	2.2	.08	17	88	.99745	3.53	.58	9.8	6
     896	7.1	.59	.01	2.3	.08	27	43	.9955	3.42	.58	10.7	6
     897	8.3	.31	.39	2.4	.078	17	43	.99444	3.31	.77	12.5	7
     898	7.1	.59	.01	2.3	.08	27	43	.9955	3.42	.58	10.7	6
     899	8.3	.31	.39	2.4	.078	17	43	.99444	3.31	.77	12.5	7
     900	8.3	1.02	.02	3.4	.084	6	11	.99892	3.48	.49	11	3
     901	8.9	.31	.36	2.6	.056	10	39	.99562	3.4	.69	11.8	5
     902	7.4	.635	.1	2.4	.08	16	33	.99736	3.58	.69	10.8	7
     903	7.4	.635	.1	2.4	.08	16	33	.99736	3.58	.69	10.8	7
     904	6.8	.59	.06	6	.06	11	18	.9962	3.41	.59	10.8	7
     905	6.8	.59	.06	6	.06	11	18	.9962	3.41	.59	10.8	7
     906	9.2	.58	.2	3	.081	15	115	.998	3.23	.59	9.5	5
     907	7.2	.54	.27	2.6	.084	12	78	.9964	3.39	.71	11	5
     908	6.1	.56	0	2.2	.079	6	9	.9948	3.59	.54	11.5	6
     909	7.4	.52	.13	2.4	.078	34	61	.99528	3.43	.59	10.8	6
     910	7.3	.305	.39	1.2	.059	7	11	.99331	3.29	.52	11.5	6
     911	9.3	.38	.48	3.8	.132	3	11	.99577	3.23	.57	13.2	6
     912	9.1	.28	.46	9	.114	3	9	.99901	3.18	.6	10.9	6
     913	10	.46	.44	2.9	.065	4	8	.99674	3.33	.62	12.2	6
     914	9.4	.395	.46	4.6	.094	3	10	.99639	3.27	.64	12.2	7
     915	7.3	.305	.39	1.2	.059	7	11	.99331	3.29	.52	11.5	6
     916	8.6	.315	.4	2.2	.079	3	6	.99512	3.27	.67	11.9	6
     917	5.3	.715	.19	1.5	.161	7	62	.99395	3.62	.61	11	5
     918	6.8	.41	.31	8.8	.084	26	45	.99824	3.38	.64	10.1	6
     919	8.4	.36	.32	2.2	.081	32	79	.9964	3.3	.72	11	6
     920	8.4	.62	.12	1.8	.072	38	46	.99504	3.38	.89	11.8	6
     921	9.6	.41	.37	2.3	.091	10	23	.99786	3.24	.56	10.5	5
     922	8.4	.36	.32	2.2	.081	32	79	.9964	3.3	.72	11	6
     923	8.4	.62	.12	1.8	.072	38	46	.99504	3.38	.89	11.8	6
     924	6.8	.41	.31	8.8	.084	26	45	.99824	3.38	.64	10.1	6
     925	8.6	.47	.27	2.3	.055	14	28	.99516	3.18	.8	11.2	5
     926	8.6	.22	.36	1.9	.064	53	77	.99604	3.47	.87	11	7
     927	9.4	.24	.33	2.3	.061	52	73	.99786	3.47	.9	10.2	6
     928	8.4	.67	.19	2.2	.093	11	75	.99736	3.2	.59	9.2	4
     929	8.6	.47	.27	2.3	.055	14	28	.99516	3.18	.8	11.2	5
     930	8.7	.33	.38	3.3	.063	10	19	.99468	3.3	.73	12	7
     931	6.6	.61	.01	1.9	.08	8	25	.99746	3.69	.73	10.5	5
     932	7.4	.61	.01	2	.074	13	38	.99748	3.48	.65	9.8	5
     933	7.6	.4	.29	1.9	.078	29	66	.9971	3.45	.59	9.5	6
     934	7.4	.61	.01	2	.074	13	38	.99748	3.48	.65	9.8	5
     935	6.6	.61	.01	1.9	.08	8	25	.99746	3.69	.73	10.5	5
     936	8.8	.3	.38	2.3	.06	19	72	.99543	3.39	.72	11.8	6
     937	8.8	.3	.38	2.3	.06	19	72	.99543	3.39	.72	11.8	6
     938	12	.63	.5	1.4	.071	6	26	.99791	3.07	.6	10.4	4
     939	7.2	.38	.38	2.8	.068	23	42	.99356	3.34	.72	12.9	7
     940	6.2	.46	.17	1.6	.073	7	11	.99425	3.61	.54	11.4	5
     941	9.6	.33	.52	2.2	.074	13	25	.99509	3.36	.76	12.4	7
     942	9.9	.27	.49	5	.082	9	17	.99484	3.19	.52	12.5	7
     943	10.1	.43	.4	2.6	.092	13	52	.99834	3.22	.64	10	7
     944	9.8	.5	.34	2.3	.094	10	45	.99864	3.24	.6	9.7	7
     945	8.3	.3	.49	3.8	.09	11	24	.99498	3.27	.64	12.1	7
     946	10.2	.44	.42	2	.071	7	20	.99566	3.14	.79	11.1	7
     947	10.2	.44	.58	4.1	.092	11	24	.99745	3.29	.99	12	7
     948	8.3	.28	.48	2.1	.093	6	12	.99408	3.26	.62	12.4	7
     949	8.9	.12	.45	1.8	.075	10	21	.99552	3.41	.76	11.9	7
     950	8.9	.12	.45	1.8	.075	10	21	.99552	3.41	.76	11.9	7
     951	8.9	.12	.45	1.8	.075	10	21	.99552	3.41	.76	11.9	7
     952	8.3	.28	.48	2.1	.093	6	12	.99408	3.26	.62	12.4	7
     953	8.2	.31	.4	2.2	.058	6	10	.99536	3.31	.68	11.2	7
     954	10.2	.34	.48	2.1	.052	5	9	.99458	3.2	.69	12.1	7
     955	7.6	.43	.4	2.7	.082	6	11	.99538	3.44	.54	12.2	6
     956	8.5	.21	.52	1.9	.09	9	23	.99648	3.36	.67	10.4	5
     957	9	.36	.52	2.1	.111	5	10	.99568	3.31	.62	11.3	6
     958	9.5	.37	.52	2	.088	12	51	.99613	3.29	.58	11.1	6
     959	6.4	.57	.12	2.3	.12	25	36	.99519	3.47	.71	11.3	7
     960	8	.59	.05	2	.089	12	32	.99735	3.36	.61	10	5
     961	8.5	.47	.27	1.9	.058	18	38	.99518	3.16	.85	11.1	6
     962	7.1	.56	.14	1.6	.078	7	18	.99592	3.27	.62	9.3	5
     963	6.6	.57	.02	2.1	.115	6	16	.99654	3.38	.69	9.5	5
     964	8.8	.27	.39	2	.1	20	27	.99546	3.15	.69	11.2	6
     965	8.5	.47	.27	1.9	.058	18	38	.99518	3.16	.85	11.1	6
     966	8.3	.34	.4	2.4	.065	24	48	.99554	3.34	.86	11	6
     967	9	.38	.41	2.4	.103	6	10	.99604	3.13	.58	11.9	7
     968	8.5	.66	.2	2.1	.097	23	113	.99733	3.13	.48	9.2	5
     969	9	.4	.43	2.4	.068	29	46	.9943	3.2	.6	12.2	6
     970	6.7	.56	.09	2.9	.079	7	22	.99669	3.46	.61	10.2	5
     971	10.4	.26	.48	1.9	.066	6	10	.99724	3.33	.87	10.9	6
     972	10.4	.26	.48	1.9	.066	6	10	.99724	3.33	.87	10.9	6
     973	10.1	.38	.5	2.4	.104	6	13	.99643	3.22	.65	11.6	7
     974	8.5	.34	.44	1.7	.079	6	12	.99605	3.52	.63	10.7	5
     975	8.8	.33	.41	5.9	.073	7	13	.99658	3.3	.62	12.1	7
     976	7.2	.41	.3	2.1	.083	35	72	.997	3.44	.52	9.4	5
     977	7.2	.41	.3	2.1	.083	35	72	.997	3.44	.52	9.4	5
     978	8.4	.59	.29	2.6	.109	31	119	.99801	3.15	.5	9.1	5
     979	7	.4	.32	3.6	.061	9	29	.99416	3.28	.49	11.3	7
     980	12.2	.45	.49	1.4	.075	3	6	.9969	3.13	.63	10.4	5
     981	9.1	.5	.3	1.9	.065	8	17	.99774	3.32	.71	10.5	6
     982	9.5	.86	.26	1.9	.079	13	28	.99712	3.25	.62	10	5
     983	7.3	.52	.32	2.1	.07	51	70	.99418	3.34	.82	12.9	6
     984	9.1	.5	.3	1.9	.065	8	17	.99774	3.32	.71	10.5	6
     985	12.2	.45	.49	1.4	.075	3	6	.9969	3.13	.63	10.4	5
     986	7.4	.58	0	2	.064	7	11	.99562	3.45	.58	11.3	6
     987	9.8	.34	.39	1.4	.066	3	7	.9947	3.19	.55	11.4	7
     988	7.1	.36	.3	1.6	.08	35	70	.99693	3.44	.5	9.4	5
     989	7.7	.39	.12	1.7	.097	19	27	.99596	3.16	.49	9.4	5
     990	9.7	.295	.4	1.5	.073	14	21	.99556	3.14	.51	10.9	6
     991	7.7	.39	.12	1.7	.097	19	27	.99596	3.16	.49	9.4	5
     992	7.1	.34	.28	2	.082	31	68	.99694	3.45	.48	9.4	5
     993	6.5	.4	.1	2	.076	30	47	.99554	3.36	.48	9.4	6
     994	7.1	.34	.28	2	.082	31	68	.99694	3.45	.48	9.4	5
     995	10	.35	.45	2.5	.092	20	88	.99918	3.15	.43	9.4	5
     996	7.7	.6	.06	2	.079	19	41	.99697	3.39	.62	10.1	6
     997	5.6	.66	0	2.2	.087	3	11	.99378	3.71	.63	12.8	7
     998	5.6	.66	0	2.2	.087	3	11	.99378	3.71	.63	12.8	7
     999	8.9	.84	.34	1.4	.05	4	10	.99554	3.12	.48	9.1	6
    1000	6.4	.69	0	1.65	.055	7	12	.99162	3.47	.53	12.9	6
    1001	7.5	.43	.3	2.2	.062	6	12	.99495	3.44	.72	11.5	7
    1002	9.9	.35	.38	1.5	.058	31	47	.99676	3.26	.82	10.6	7
    1003	9.1	.29	.33	2.05	.063	13	27	.99516	3.26	.84	11.7	7
    1004	6.8	.36	.32	1.8	.067	4	8	.9928	3.36	.55	12.8	7
    1005	8.2	.43	.29	1.6	.081	27	45	.99603	3.25	.54	10.3	5
    1006	6.8	.36	.32	1.8	.067	4	8	.9928	3.36	.55	12.8	7
    1007	9.1	.29	.33	2.05	.063	13	27	.99516	3.26	.84	11.7	7
    1008	9.1	.3	.34	2	.064	12	25	.99516	3.26	.84	11.7	7
    1009	8.9	.35	.4	3.6	.11	12	24	.99549	3.23	.7	12	7
    1010	9.6	.5	.36	2.8	.116	26	55	.99722	3.18	.68	10.9	5
    1011	8.9	.28	.45	1.7	.067	7	12	.99354	3.25	.55	12.3	7
    1012	8.9	.32	.31	2	.088	12	19	.9957	3.17	.55	10.4	6
    1013	7.7	1.005	.15	2.1	.102	11	32	.99604	3.23	.48	10	5
    1014	7.5	.71	0	1.6	.092	22	31	.99635	3.38	.58	10	6
    1015	8	.58	.16	2	.12	3	7	.99454	3.22	.58	11.2	6
    1016	10.5	.39	.46	2.2	.075	14	27	.99598	3.06	.84	11.4	6
    1017	8.9	.38	.4	2.2	.068	12	28	.99486	3.27	.75	12.6	7
    1018	8	.18	.37	.9	.049	36	109	.99007	2.89	.44	12.7	6
    1019	8	.18	.37	.9	.049	36	109	.99007	2.89	.44	12.7	6
    1020	7	.5	.14	1.8	.078	10	23	.99636	3.53	.61	10.4	5
    1021	11.3	.36	.66	2.4	.123	3	8	.99642	3.2	.53	11.9	6
    1022	11.3	.36	.66	2.4	.123	3	8	.99642	3.2	.53	11.9	6
    1023	7	.51	.09	2.1	.062	4	9	.99584	3.35	.54	10.5	5
    1024	8.2	.32	.42	2.3	.098	3	9	.99506	3.27	.55	12.3	6
    1025	7.7	.58	.01	1.8	.088	12	18	.99568	3.32	.56	10.5	7
    1026	8.6	.83	0	2.8	.095	17	43	.99822	3.33	.6	10.4	6
    1027	7.9	.31	.32	1.9	.066	14	36	.99364	3.41	.56	12.6	6
    1028	6.4	.795	0	2.2	.065	28	52	.99378	3.49	.52	11.6	5
    1029	7.2	.34	.21	2.5	.075	41	68	.99586	3.37	.54	10.1	6
    1030	7.7	.58	.01	1.8	.088	12	18	.99568	3.32	.56	10.5	7
    1031	7.1	.59	0	2.1	.091	9	14	.99488	3.42	.55	11.5	7
    1032	7.3	.55	.01	1.8	.093	9	15	.99514	3.35	.58	11	7
    1033	8.1	.82	0	4.1	.095	5	14	.99854	3.36	.53	9.6	5
    1034	7.5	.57	.08	2.6	.089	14	27	.99592	3.3	.59	10.4	6
    1035	8.9	.745	.18	2.5	.077	15	48	.99739	3.2	.47	9.7	6
    1036	10.1	.37	.34	2.4	.085	5	17	.99683	3.17	.65	10.6	7
    1037	7.6	.31	.34	2.5	.082	26	35	.99356	3.22	.59	12.5	7
    1038	7.3	.91	.1	1.8	.074	20	56	.99672	3.35	.56	9.2	5
    1039	8.7	.41	.41	6.2	.078	25	42	.9953	3.24	.77	12.6	7
    1040	8.9	.5	.21	2.2	.088	21	39	.99692	3.33	.83	11.1	6
    1041	7.4	.965	0	2.2	.088	16	32	.99756	3.58	.67	10.2	5
    1042	6.9	.49	.19	1.7	.079	13	26	.99547	3.38	.64	9.8	6
    1043	8.9	.5	.21	2.2	.088	21	39	.99692	3.33	.83	11.1	6
    1044	9.5	.39	.41	8.9	.069	18	39	.99859	3.29	.81	10.9	7
    1045	6.4	.39	.33	3.3	.046	12	53	.99294	3.36	.62	12.2	6
    1046	6.9	.44	0	1.4	.07	32	38	.99438	3.32	.58	11.4	6
    1047	7.6	.78	0	1.7	.076	33	45	.99612	3.31	.62	10.7	6
    1048	7.1	.43	.17	1.8	.082	27	51	.99634	3.49	.64	10.4	5
    1049	9.3	.49	.36	1.7	.081	3	14	.99702	3.27	.78	10.9	6
    1050	9.3	.5	.36	1.8	.084	6	17	.99704	3.27	.77	10.8	6
    1051	7.1	.43	.17	1.8	.082	27	51	.99634	3.49	.64	10.4	5
    1052	8.5	.46	.59	1.4	.414	16	45	.99702	3.03	1.34	9.2	5
    1053	5.6	.605	.05	2.4	.073	19	25	.99258	3.56	.55	12.9	5
    1054	8.3	.33	.42	2.3	.07	9	20	.99426	3.38	.77	12.7	7
    1055	8.2	.64	.27	2	.095	5	77	.99747	3.13	.62	9.1	6
    1056	8.2	.64	.27	2	.095	5	77	.99747	3.13	.62	9.1	6
    1057	8.9	.48	.53	4	.101	3	10	.99586	3.21	.59	12.1	7
    1058	7.6	.42	.25	3.9	.104	28	90	.99784	3.15	.57	9.1	5
    1059	9.9	.53	.57	2.4	.093	30	52	.9971	3.19	.76	11.6	7
    1060	8.9	.48	.53	4	.101	3	10	.99586	3.21	.59	12.1	7
    1061	11.6	.23	.57	1.8	.074	3	8	.9981	3.14	.7	9.9	6
    1062	9.1	.4	.5	1.8	.071	7	16	.99462	3.21	.69	12.5	8
    1063	8	.38	.44	1.9	.098	6	15	.9956	3.3	.64	11.4	6
    1064	10.2	.29	.65	2.4	.075	6	17	.99565	3.22	.63	11.8	6
    1065	8.2	.74	.09	2	.067	5	10	.99418	3.28	.57	11.8	6
    1066	7.7	.61	.18	2.4	.083	6	20	.9963	3.29	.6	10.2	6
    1067	6.6	.52	.08	2.4	.07	13	26	.99358	3.4	.72	12.5	7
    1068	11.1	.31	.53	2.2	.06	3	10	.99572	3.02	.83	10.9	7
    1069	11.1	.31	.53	2.2	.06	3	10	.99572	3.02	.83	10.9	7
    1070	8	.62	.35	2.8	.086	28	52	.997	3.31	.62	10.8	5
    1071	9.3	.33	.45	1.5	.057	19	37	.99498	3.18	.89	11.1	7
    1072	7.5	.77	.2	8.1	.098	30	92	.99892	3.2	.58	9.2	5
    1073	7.2	.35	.26	1.8	.083	33	75	.9968	3.4	.58	9.5	6
    1074	8	.62	.33	2.7	.088	16	37	.9972	3.31	.58	10.7	6
    1075	7.5	.77	.2	8.1	.098	30	92	.99892	3.2	.58	9.2	5
    1076	9.1	.25	.34	2	.071	45	67	.99769	3.44	.86	10.2	7
    1077	9.9	.32	.56	2	.073	3	8	.99534	3.15	.73	11.4	6
    1078	8.6	.37	.65	6.4	.08	3	8	.99817	3.27	.58	11	5
    1079	8.6	.37	.65	6.4	.08	3	8	.99817	3.27	.58	11	5
    1080	7.9	.3	.68	8.3	.05	37.5	278	.99316	3.01	.51	12.3	7
    1081	10.3	.27	.56	1.4	.047	3	8	.99471	3.16	.51	11.8	6
    1082	7.9	.3	.68	8.3	.05	37.5	289	.99316	3.01	.51	12.3	7
    1083	7.2	.38	.3	1.8	.073	31	70	.99685	3.42	.59	9.5	6
    1084	8.7	.42	.45	2.4	.072	32	59	.99617	3.33	.77	12	6
    1085	7.2	.38	.3	1.8	.073	31	70	.99685	3.42	.59	9.5	6
    1086	6.8	.48	.08	1.8	.074	40	64	.99529	3.12	.49	9.6	5
    1087	8.5	.34	.4	4.7	.055	3	9	.99738	3.38	.66	11.6	7
    1088	7.9	.19	.42	1.6	.057	18	30	.994	3.29	.69	11.2	6
    1089	11.6	.41	.54	1.5	.095	22	41	.99735	3.02	.76	9.9	7
    1090	11.6	.41	.54	1.5	.095	22	41	.99735	3.02	.76	9.9	7
    1091	10	.26	.54	1.9	.083	42	74	.99451	2.98	.63	11.8	8
    1092	7.9	.34	.42	2	.086	8	19	.99546	3.35	.6	11.4	6
    1093	7	.54	.09	2	.081	10	16	.99479	3.43	.59	11.5	6
    1094	9.2	.31	.36	2.2	.079	11	31	.99615	3.33	.86	12	7
    1095	6.6	.725	.09	5.5	.117	9	17	.99655	3.35	.49	10.8	6
    1096	9.4	.4	.47	2.5	.087	6	20	.99772	3.15	.5	10.5	5
    1097	6.6	.725	.09	5.5	.117	9	17	.99655	3.35	.49	10.8	6
    1098	8.6	.52	.38	1.5	.096	5	18	.99666	3.2	.52	9.4	5
    1099	8	.31	.45	2.1	.216	5	16	.99358	3.15	.81	12.5	7
    1100	8.6	.52	.38	1.5	.096	5	18	.99666	3.2	.52	9.4	5
    1101	8.4	.34	.42	2.1	.072	23	36	.99392	3.11	.78	12.4	6
    1102	7.4	.49	.27	2.1	.071	14	25	.99388	3.35	.63	12	6
    1103	6.1	.48	.09	1.7	.078	18	30	.99402	3.45	.54	11.2	6
    1104	7.4	.49	.27	2.1	.071	14	25	.99388	3.35	.63	12	6
    1105	8	.48	.34	2.2	.073	16	25	.9936	3.28	.66	12.4	6
    1106	6.3	.57	.28	2.1	.048	13	49	.99374	3.41	.6	12.8	5
    1107	8.2	.23	.42	1.9	.069	9	17	.99376	3.21	.54	12.3	6
    1108	9.1	.3	.41	2	.068	10	24	.99523	3.27	.85	11.7	7
    1109	8.1	.78	.1	3.3	.09	4	13	.99855	3.36	.49	9.5	5
    1110	10.8	.47	.43	2.1	.171	27	66	.9982	3.17	.76	10.8	6
    1111	8.3	.53	0	1.4	.07	6	14	.99593	3.25	.64	10	6
    1112	5.4	.42	.27	2	.092	23	55	.99471	3.78	.64	12.3	7
    1113	7.9	.33	.41	1.5	.056	6	35	.99396	3.29	.71	11	6
    1114	8.9	.24	.39	1.6	.074	3	10	.99698	3.12	.59	9.5	6
    1115	5	.4	.5	4.3	.046	29	80	.9902	3.49	.66	13.6	6
    1116	7	.69	.07	2.5	.091	15	21	.99572	3.38	.6	11.3	6
    1117	7	.69	.07	2.5	.091	15	21	.99572	3.38	.6	11.3	6
    1118	7	.69	.07	2.5	.091	15	21	.99572	3.38	.6	11.3	6
    1119	7.1	.39	.12	2.1	.065	14	24	.99252	3.3	.53	13.3	6
    1120	5.6	.66	0	2.5	.066	7	15	.99256	3.52	.58	12.9	5
    1121	7.9	.54	.34	2.5	.076	8	17	.99235	3.2	.72	13.1	8
    1122	6.6	.5	0	1.8	.062	21	28	.99352	3.44	.55	12.3	6
    1123	6.3	.47	0	1.4	.055	27	33	.9922	3.45	.48	12.3	6
    1124	10.7	.4	.37	1.9	.081	17	29	.99674	3.12	.65	11.2	6
    1125	6.5	.58	0	2.2	.096	3	13	.99557	3.62	.62	11.5	4
    1126	8.8	.24	.35	1.7	.055	13	27	.99394	3.14	.59	11.3	7
    1127	5.8	.29	.26	1.7	.063	3	11	.9915	3.39	.54	13.5	6
    1128	6.3	.76	0	2.9	.072	26	52	.99379	3.51	.6	11.5	6
    1129	10	.43	.33	2.7	.095	28	89	.9984	3.22	.68	10	5
    1130	10.5	.43	.35	3.3	.092	24	70	.99798	3.21	.69	10.5	6
    1131	9.1	.6	0	1.9	.058	5	10	.9977	3.18	.63	10.4	6
    1132	5.9	.19	.21	1.7	.045	57	135	.99341	3.32	.44	9.5	5
    1133	7.4	.36	.34	1.8	.075	18	38	.9933	3.38	.88	13.6	7
    1134	7.2	.48	.07	5.5	.089	10	18	.99684	3.37	.68	11.2	7
    1135	8.5	.28	.35	1.7	.061	6	15	.99524	3.3	.74	11.8	7
    1136	8	.25	.43	1.7	.067	22	50	.9946	3.38	.6	11.9	6
    1137	10.4	.52	.45	2	.08	6	13	.99774	3.22	.76	11.4	6
    1138	10.4	.52	.45	2	.08	6	13	.99774	3.22	.76	11.4	6
    1139	7.5	.41	.15	3.7	.104	29	94	.99786	3.14	.58	9.1	5
    1140	8.2	.51	.24	2	.079	16	86	.99764	3.34	.64	9.5	6
    1141	7.3	.4	.3	1.7	.08	33	79	.9969	3.41	.65	9.5	6
    1142	8.2	.38	.32	2.5	.08	24	71	.99624	3.27	.85	11	6
    1143	6.9	.45	.11	2.4	.043	6	12	.99354	3.3	.65	11.4	6
    1144	7	.22	.3	1.8	.065	16	20	.99672	3.61	.82	10	6
    1145	7.3	.32	.23	2.3	.066	35	70	.99588	3.43	.62	10.1	5
    1146	8.2	.2	.43	2.5	.076	31	51	.99672	3.53	.81	10.4	6
    1147	7.8	.5	.12	1.8	.178	6	21	.996	3.28	.87	9.8	6
    1148	10	.41	.45	6.2	.071	6	14	.99702	3.21	.49	11.8	7
    1149	7.8	.39	.42	2	.086	9	21	.99526	3.39	.66	11.6	6
    1150	10	.35	.47	2	.061	6	11	.99585	3.23	.52	12	6
    1151	8.2	.33	.32	2.8	.067	4	12	.99473	3.3	.76	12.8	7
    1152	6.1	.58	.23	2.5	.044	16	70	.99352	3.46	.65	12.5	6
    1153	8.3	.6	.25	2.2	.118	9	38	.99616	3.15	.53	9.8	5
    1154	9.6	.42	.35	2.1	.083	17	38	.99622	3.23	.66	11.1	6
    1155	6.6	.58	0	2.2	.1	50	63	.99544	3.59	.68	11.4	6
    1156	8.3	.6	.25	2.2	.118	9	38	.99616	3.15	.53	9.8	5
    1157	8.5	.18	.51	1.75	.071	45	88	.99524	3.33	.76	11.8	7
    1158	5.1	.51	.18	2.1	.042	16	101	.9924	3.46	.87	12.9	7
    1159	6.7	.41	.43	2.8	.076	22	54	.99572	3.42	1.16	10.6	6
    1160	10.2	.41	.43	2.2	.11	11	37	.99728	3.16	.67	10.8	5
    1161	10.6	.36	.57	2.3	.087	6	20	.99676	3.14	.72	11.1	7
    1162	8.8	.45	.43	1.4	.076	12	21	.99551	3.21	.75	10.2	6
    1163	8.5	.32	.42	2.3	.075	12	19	.99434	3.14	.71	11.8	7
    1164	9	.785	.24	1.7	.078	10	21	.99692	3.29	.67	10	5
    1165	9	.785	.24	1.7	.078	10	21	.99692	3.29	.67	10	5
    1166	8.5	.44	.5	1.9	.369	15	38	.99634	3.01	1.1	9.4	5
    1167	9.9	.54	.26	2	.111	7	60	.99709	2.94	.98	10.2	5
    1168	8.2	.33	.39	2.5	.074	29	48	.99528	3.32	.88	12.4	7
    1169	6.5	.34	.27	2.8	.067	8	44	.99384	3.21	.56	12	6
    1170	7.6	.5	.29	2.3	.086	5	14	.99502	3.32	.62	11.5	6
    1171	9.2	.36	.34	1.6	.062	5	12	.99667	3.2	.67	10.5	6
    1172	7.1	.59	0	2.2	.078	26	44	.99522	3.42	.68	10.8	6
    1173	9.7	.42	.46	2.1	.074	5	16	.99649	3.27	.74	12.3	6
    1174	7.6	.36	.31	1.7	.079	26	65	.99716	3.46	.62	9.5	6
    1175	7.6	.36	.31	1.7	.079	26	65	.99716	3.46	.62	9.5	6
    1176	6.5	.61	0	2.2	.095	48	59	.99541	3.61	.7	11.5	6
    1177	6.5	.88	.03	5.6	.079	23	47	.99572	3.58	.5	11.2	4
    1178	7.1	.66	0	2.4	.052	6	11	.99318	3.35	.66	12.7	7
    1179	5.6	.915	0	2.1	.041	17	78	.99346	3.68	.73	11.4	5
    1180	8.2	.35	.33	2.4	.076	11	47	.99599	3.27	.81	11	6
    1181	8.2	.35	.33	2.4	.076	11	47	.99599	3.27	.81	11	6
    1182	9.8	.39	.43	1.65	.068	5	11	.99478	3.19	.46	11.4	5
    1183	10.2	.4	.4	2.5	.068	41	54	.99754	3.38	.86	10.5	6
    1184	6.8	.66	.07	1.6	.07	16	61	.99572	3.29	.6	9.3	5
    1185	6.7	.64	.23	2.1	.08	11	119	.99538	3.36	.7	10.9	5
    1186	7	.43	.3	2	.085	6	39	.99346	3.33	.46	11.9	6
    1187	6.6	.8	.03	7.8	.079	6	12	.9963	3.52	.5	12.2	5
    1188	7	.43	.3	2	.085	6	39	.99346	3.33	.46	11.9	6
    1189	6.7	.64	.23	2.1	.08	11	119	.99538	3.36	.7	10.9	5
    1190	8.8	.955	.05	1.8	.075	5	19	.99616	3.3	.44	9.6	4
    1191	9.1	.4	.57	4.6	.08	6	20	.99652	3.28	.57	12.5	6
    1192	6.5	.885	0	2.3	.166	6	12	.99551	3.56	.51	10.8	5
    1193	7.2	.25	.37	2.5	.063	11	41	.99439	3.52	.8	12.4	7
    1194	6.4	.885	0	2.3	.166	6	12	.99551	3.56	.51	10.8	5
    1195	7	.745	.12	1.8	.114	15	64	.99588	3.22	.59	9.5	6
    1196	6.2	.43	.22	1.8	.078	21	56	.99633	3.52	.6	9.5	6
    1197	7.9	.58	.23	2.3	.076	23	94	.99686	3.21	.58	9.5	6
    1198	7.7	.57	.21	1.5	.069	4	9	.99458	3.16	.54	9.8	6
    1199	7.7	.26	.26	2	.052	19	77	.9951	3.15	.79	10.9	6
    1200	7.9	.58	.23	2.3	.076	23	94	.99686	3.21	.58	9.5	6
    1201	7.7	.57	.21	1.5	.069	4	9	.99458	3.16	.54	9.8	6
    1202	7.9	.34	.36	1.9	.065	5	10	.99419	3.27	.54	11.2	7
    1203	8.6	.42	.39	1.8	.068	6	12	.99516	3.35	.69	11.7	8
    1204	9.9	.74	.19	5.8	.111	33	76	.99878	3.14	.55	9.4	5
    1205	7.2	.36	.46	2.1	.074	24	44	.99534	3.4	.85	11	7
    1206	7.2	.36	.46	2.1	.074	24	44	.99534	3.4	.85	11	7
    1207	7.2	.36	.46	2.1	.074	24	44	.99534	3.4	.85	11	7
    1208	9.9	.72	.55	1.7	.136	24	52	.99752	3.35	.94	10	5
    1209	7.2	.36	.46	2.1	.074	24	44	.99534	3.4	.85	11	7
    1210	6.2	.39	.43	2	.071	14	24	.99428	3.45	.87	11.2	7
    1211	6.8	.65	.02	2.1	.078	8	15	.99498	3.35	.62	10.4	6
    1212	6.6	.44	.15	2.1	.076	22	53	.9957	3.32	.62	9.3	5
    1213	6.8	.65	.02	2.1	.078	8	15	.99498	3.35	.62	10.4	6
    1214	9.6	.38	.42	1.9	.071	5	13	.99659	3.15	.75	10.5	6
    1215	10.2	.33	.46	1.9	.081	6	9	.99628	3.1	.48	10.4	6
    1216	8.8	.27	.46	2.1	.095	20	29	.99488	3.26	.56	11.3	6
    1217	7.9	.57	.31	2	.079	10	79	.99677	3.29	.69	9.5	6
    1218	8.2	.34	.37	1.9	.057	43	74	.99408	3.23	.81	12	6
    1219	8.2	.4	.31	1.9	.082	8	24	.996	3.24	.69	10.6	6
    1220	9	.39	.4	1.3	.044	25	50	.99478	3.2	.83	10.9	6
    1221	10.9	.32	.52	1.8	.132	17	44	.99734	3.28	.77	11.5	6
    1222	10.9	.32	.52	1.8	.132	17	44	.99734	3.28	.77	11.5	6
    1223	8.1	.53	.22	2.2	.078	33	89	.99678	3.26	.46	9.6	6
    1224	10.5	.36	.47	2.2	.074	9	23	.99638	3.23	.76	12	6
    1225	12.6	.39	.49	2.5	.08	8	20	.9992	3.07	.82	10.3	6
    1226	9.2	.46	.23	2.6	.091	18	77	.99922	3.15	.51	9.4	5
    1227	7.5	.58	.03	4.1	.08	27	46	.99592	3.02	.47	9.2	5
    1228	9	.58	.25	2	.104	8	21	.99769	3.27	.72	9.6	5
    1229	5.1	.42	0	1.8	.044	18	88	.99157	3.68	.73	13.6	7
    1230	7.6	.43	.29	2.1	.075	19	66	.99718	3.4	.64	9.5	5
    1231	7.7	.18	.34	2.7	.066	15	58	.9947	3.37	.78	11.8	6
    1232	7.8	.815	.01	2.6	.074	48	90	.99621	3.38	.62	10.8	5
    1233	7.6	.43	.29	2.1	.075	19	66	.99718	3.4	.64	9.5	5
    1234	10.2	.23	.37	2.2	.057	14	36	.99614	3.23	.49	9.3	4
    1235	7.1	.75	.01	2.2	.059	11	18	.99242	3.39	.4	12.8	6
    1236	6	.33	.32	12.9	.054	6	113	.99572	3.3	.56	11.5	4
    1237	7.8	.55	0	1.7	.07	7	17	.99659	3.26	.64	9.4	6
    1238	7.1	.75	.01	2.2	.059	11	18	.99242	3.39	.4	12.8	6
    1239	8.1	.73	0	2.5	.081	12	24	.99798	3.38	.46	9.6	4
    1240	6.5	.67	0	4.3	.057	11	20	.99488	3.45	.56	11.8	4
    1241	7.5	.61	.2	1.7	.076	36	60	.99494	3.1	.4	9.3	5
    1242	9.8	.37	.39	2.5	.079	28	65	.99729	3.16	.59	9.8	5
    1243	9	.4	.41	2	.058	15	40	.99414	3.22	.6	12.2	6
    1244	8.3	.56	.22	2.4	.082	10	86	.9983	3.37	.62	9.5	5
    1245	5.9	.29	.25	13.4	.067	72	160	.99721	3.33	.54	10.3	6
    1246	7.4	.55	.19	1.8	.082	15	34	.99655	3.49	.68	10.5	5
    1247	7.4	.74	.07	1.7	.086	15	48	.99502	3.12	.48	10	5
    1248	7.4	.55	.19	1.8	.082	15	34	.99655	3.49	.68	10.5	5
    1249	6.9	.41	.33	2.2	.081	22	36	.9949	3.41	.75	11.1	6
    1250	7.1	.6	.01	2.3	.079	24	37	.99514	3.4	.61	10.9	6
    1251	7.1	.6	.01	2.3	.079	24	37	.99514	3.4	.61	10.9	6
    1252	7.5	.58	.14	2.2	.077	27	60	.9963	3.28	.59	9.8	5
    1253	7.1	.72	0	1.8	.123	6	14	.99627	3.45	.58	9.8	5
    1254	7.9	.66	0	1.4	.096	6	13	.99569	3.43	.58	9.5	5
    1255	7.8	.7	.06	1.9	.079	20	35	.99628	3.4	.69	10.9	5
    1256	6.1	.64	.02	2.4	.069	26	46	.99358	3.47	.45	11	5
    1257	7.5	.59	.22	1.8	.082	43	60	.99499	3.1	.42	9.2	5
    1258	7	.58	.28	4.8	.085	12	69	.99633	3.32	.7	11	6
    1259	6.8	.64	0	2.7	.123	15	33	.99538	3.44	.63	11.3	6
    1260	6.8	.64	0	2.7	.123	15	33	.99538	3.44	.63	11.3	6
    1261	8.6	.635	.68	1.8	.403	19	56	.99632	3.02	1.15	9.3	5
    1262	6.3	1.02	0	2	.083	17	24	.99437	3.59	.55	11.2	4
    1263	9.8	.45	.38	2.5	.081	34	66	.99726	3.15	.58	9.8	5
    1264	8.2	.78	0	2.2	.089	13	26	.9978	3.37	.46	9.6	4
    1265	8.5	.37	.32	1.8	.066	26	51	.99456	3.38	.72	11.8	6
    1266	7.2	.57	.05	2.3	.081	16	36	.99564	3.38	.6	10.3	6
    1267	7.2	.57	.05	2.3	.081	16	36	.99564	3.38	.6	10.3	6
    1268	10.4	.43	.5	2.3	.068	13	19	.996	3.1	.87	11.4	6
    1269	6.9	.41	.31	2	.079	21	51	.99668	3.47	.55	9.5	6
    1270	5.5	.49	.03	1.8	.044	28	87	.9908	3.5	.82	14	8
    1271	5	.38	.01	1.6	.048	26	60	.99084	3.7	.75	14	6
    1272	7.3	.44	.2	1.6	.049	24	64	.9935	3.38	.57	11.7	6
    1273	5.9	.46	0	1.9	.077	25	44	.99385	3.5	.53	11.2	5
    1274	7.5	.58	.2	2	.073	34	44	.99494	3.1	.43	9.3	5
    1275	7.8	.58	.13	2.1	.102	17	36	.9944	3.24	.53	11.2	6
    1276	8	.715	.22	2.3	.075	13	81	.99688	3.24	.54	9.5	6
    1277	8.5	.4	.4	6.3	.05	3	10	.99566	3.28	.56	12	4
    1278	7	.69	0	1.9	.114	3	10	.99636	3.35	.6	9.7	6
    1279	8	.715	.22	2.3	.075	13	81	.99688	3.24	.54	9.5	6
    1280	9.8	.3	.39	1.7	.062	3	9	.9948	3.14	.57	11.5	7
    1281	7.1	.46	.2	1.9	.077	28	54	.9956	3.37	.64	10.4	6
    1282	7.1	.46	.2	1.9	.077	28	54	.9956	3.37	.64	10.4	6
    1283	7.9	.765	0	2	.084	9	22	.99619	3.33	.68	10.9	6
    1284	8.7	.63	.28	2.7	.096	17	69	.99734	3.26	.63	10.2	6
    1285	7	.42	.19	2.3	.071	18	36	.99476	3.39	.56	10.9	5
    1286	11.3	.37	.5	1.8	.09	20	47	.99734	3.15	.57	10.5	5
    1287	7.1	.16	.44	2.5	.068	17	31	.99328	3.35	.54	12.4	6
    1288	8	.6	.08	2.6	.056	3	7	.99286	3.22	.37	13	5
    1289	7	.6	.3	4.5	.068	20	110	.99914	3.3	1.17	10.2	5
    1290	7	.6	.3	4.5	.068	20	110	.99914	3.3	1.17	10.2	5
    1291	7.6	.74	0	1.9	.1	6	12	.99521	3.36	.59	11	5
    1292	8.2	.635	.1	2.1	.073	25	60	.99638	3.29	.75	10.9	6
    1293	5.9	.395	.13	2.4	.056	14	28	.99362	3.62	.67	12.4	6
    1294	7.5	.755	0	1.9	.084	6	12	.99672	3.34	.49	9.7	4
    1295	8.2	.635	.1	2.1	.073	25	60	.99638	3.29	.75	10.9	6
    1296	6.6	.63	0	4.3	.093	51	77.5	.99558	3.2	.45	9.5	5
    1297	6.6	.63	0	4.3	.093	51	77.5	.99558	3.2	.45	9.5	5
    1298	7.2	.53	.14	2.1	.064	15	29	.99323	3.35	.61	12.1	6
    1299	5.7	.6	0	1.4	.063	11	18	.99191	3.45	.56	12.2	6
    1300	7.6	1.58	0	2.1	.137	5	9	.99476	3.5	.4	10.9	3
    1301	5.2	.645	0	2.15	.08	15	28	.99444	3.78	.61	12.5	6
    1302	6.7	.86	.07	2	.1	20	57	.99598	3.6	.74	11.7	6
    1303	9.1	.37	.32	2.1	.064	4	15	.99576	3.3	.8	11.2	6
    1304	8	.28	.44	1.8	.081	28	68	.99501	3.36	.66	11.2	5
    1305	7.6	.79	.21	2.3	.087	21	68	.9955	3.12	.44	9.2	5
    1306	7.5	.61	.26	1.9	.073	24	88	.99612	3.3	.53	9.8	5
    1307	9.7	.69	.32	2.5	.088	22	91	.9979	3.29	.62	10.1	5
    1308	6.8	.68	.09	3.9	.068	15	29	.99524	3.41	.52	11.1	4
    1309	9.7	.69	.32	2.5	.088	22	91	.9979	3.29	.62	10.1	5
    1310	7	.62	.1	1.4	.071	27	63	.996	3.28	.61	9.2	5
    1311	7.5	.61	.26	1.9	.073	24	88	.99612	3.3	.53	9.8	5
    1312	6.5	.51	.15	3	.064	12	27	.9929	3.33	.59	12.8	6
    1313	8	1.18	.21	1.9	.083	14	41	.99532	3.34	.47	10.5	5
    1314	7	.36	.21	2.3	.086	20	65	.99558	3.4	.54	10.1	6
    1315	7	.36	.21	2.4	.086	24	69	.99556	3.4	.53	10.1	6
    1316	7.5	.63	.27	2	.083	17	91	.99616	3.26	.58	9.8	6
    1317	5.4	.74	0	1.2	.041	16	46	.99258	4.01	.59	12.5	6
    1318	9.9	.44	.46	2.2	.091	10	41	.99638	3.18	.69	11.9	6
    1319	7.5	.63	.27	2	.083	17	91	.99616	3.26	.58	9.8	6
    1320	9.1	.76	.68	1.7	.414	18	64	.99652	2.9	1.33	9.1	6
    1321	9.7	.66	.34	2.6	.094	12	88	.99796	3.26	.66	10.1	5
    1322	5	.74	0	1.2	.041	16	46	.99258	4.01	.59	12.5	6
    1323	9.1	.34	.42	1.8	.058	9	18	.99392	3.18	.55	11.4	5
    1324	9.1	.36	.39	1.8	.06	21	55	.99495	3.18	.82	11	7
    1325	6.7	.46	.24	1.7	.077	18	34	.9948	3.39	.6	10.6	6
    1326	6.7	.46	.24	1.7	.077	18	34	.9948	3.39	.6	10.6	6
    1327	6.7	.46	.24	1.7	.077	18	34	.9948	3.39	.6	10.6	6
    1328	6.7	.46	.24	1.7	.077	18	34	.9948	3.39	.6	10.6	6
    1329	6.5	.52	.11	1.8	.073	13	38	.9955	3.34	.52	9.3	5
    1330	7.4	.6	.26	2.1	.083	17	91	.99616	3.29	.56	9.8	6
    1331	7.4	.6	.26	2.1	.083	17	91	.99616	3.29	.56	9.8	6
    1332	7.8	.87	.26	3.8	.107	31	67	.99668	3.26	.46	9.2	5
    1333	8.4	.39	.1	1.7	.075	6	25	.99581	3.09	.43	9.7	6
    1334	9.1	.775	.22	2.2	.079	12	48	.9976	3.18	.51	9.6	5
    1335	7.2	.835	0	2	.166	4	11	.99608	3.39	.52	10	5
    1336	6.6	.58	.02	2.4	.069	19	40	.99387	3.38	.66	12.6	6
    1337	6	.5	0	1.4	.057	15	26	.99448	3.36	.45	9.5	5
    1338	6	.5	0	1.4	.057	15	26	.99448	3.36	.45	9.5	5
    1339	6	.5	0	1.4	.057	15	26	.99448	3.36	.45	9.5	5
    1340	7.5	.51	.02	1.7	.084	13	31	.99538	3.36	.54	10.5	6
    1341	7.5	.51	.02	1.7	.084	13	31	.99538	3.36	.54	10.5	6
    1342	7.5	.51	.02	1.7	.084	13	31	.99538	3.36	.54	10.5	6
    1343	7.6	.54	.02	1.7	.085	17	31	.99589	3.37	.51	10.4	6
    1344	7.5	.51	.02	1.7	.084	13	31	.99538	3.36	.54	10.5	6
    1345	11.5	.42	.48	2.6	.077	8	20	.99852	3.09	.53	11	5
    1346	8.2	.44	.24	2.3	.063	10	28	.99613	3.25	.53	10.2	6
    1347	6.1	.59	.01	2.1	.056	5	13	.99472	3.52	.56	11.4	5
    1348	7.2	.655	.03	1.8	.078	7	12	.99587	3.34	.39	9.5	5
    1349	7.2	.655	.03	1.8	.078	7	12	.99587	3.34	.39	9.5	5
    1350	6.9	.57	0	2.8	.081	21	41	.99518	3.41	.52	10.8	5
    1351	9	.6	.29	2	.069	32	73	.99654	3.34	.57	10	5
    1352	7.2	.62	.01	2.3	.065	8	46	.99332	3.32	.51	11.8	6
    1353	7.6	.645	.03	1.9	.086	14	57	.9969	3.37	.46	10.3	5
    1354	7.6	.645	.03	1.9	.086	14	57	.9969	3.37	.46	10.3	5
    1355	7.2	.58	.03	2.3	.077	7	28	.99568	3.35	.52	10	5
    1356	6.1	.32	.25	1.8	.086	5	32	.99464	3.36	.44	10.1	5
    1357	6.1	.34	.25	1.8	.084	4	28	.99464	3.36	.44	10.1	5
    1358	7.3	.43	.24	2.5	.078	27	67	.99648	3.6	.59	11.1	6
    1359	7.4	.64	.17	5.4	.168	52	98	.99736	3.28	.5	9.5	5
    1360	11.6	.475	.4	1.4	.091	6	28	.99704	3.07	.65	10.0333333333333	6
    1361	9.2	.54	.31	2.3	.112	11	38	.99699	3.24	.56	10.9	5
    1362	8.3	.85	.14	2.5	.093	13	54	.99724	3.36	.54	10.1	5
    1363	11.6	.475	.4	1.4	.091	6	28	.99704	3.07	.65	10.0333333333333	6
    1364	8	.83	.27	2	.08	11	63	.99652	3.29	.48	9.8	4
    1365	7.2	.605	.02	1.9	.096	10	31	.995	3.46	.53	11.8	6
    1366	7.8	.5	.09	2.2	.115	10	42	.9971	3.18	.62	9.5	5
    1367	7.3	.74	.08	1.7	.094	10	45	.99576	3.24	.5	9.8	5
    1368	6.9	.54	.3	2.2	.088	9	105	.99725	3.25	1.18	10.5	6
    1369	8	.77	.32	2.1	.079	16	74	.99656	3.27	.5	9.8	6
    1370	6.6	.61	0	1.6	.069	4	8	.99396	3.33	.37	10.4	4
    1371	8.7	.78	.51	1.7	.415	12	66	.99623	3	1.17	9.2	5
    1372	7.5	.58	.56	3.1	.153	5	14	.99476	3.21	1.03	11.6	6
    1373	8.7	.78	.51	1.7	.415	12	66	.99623	3	1.17	9.2	5
    1374	7.7	.75	.27	3.8	.11	34	89	.99664	3.24	.45	9.3	5
    1375	6.8	.815	0	1.2	.267	16	29	.99471	3.32	.51	9.8	3
    1376	7.2	.56	.26	2	.083	13	100	.99586	3.26	.52	9.9	5
    1377	8.2	.885	.2	1.4	.086	7	31	.9946	3.11	.46	10	5
    1378	5.2	.49	.26	2.3	.09	23	74	.9953	3.71	.62	12.2	6
    1379	7.2	.45	.15	2	.078	10	28	.99609	3.29	.51	9.9	6
    1380	7.5	.57	.02	2.6	.077	11	35	.99557	3.36	.62	10.8	6
    1381	7.5	.57	.02	2.6	.077	11	35	.99557	3.36	.62	10.8	6
    1382	6.8	.83	.09	1.8	.074	4	25	.99534	3.38	.45	9.6	5
    1383	8	.6	.22	2.1	.08	25	105	.99613	3.3	.49	9.9	5
    1384	8	.6	.22	2.1	.08	25	105	.99613	3.3	.49	9.9	5
    1385	7.1	.755	.15	1.8	.107	20	84	.99593	3.19	.5	9.5	5
    1386	8	.81	.25	3.4	.076	34	85	.99668	3.19	.42	9.2	5
    1387	7.4	.64	.07	1.8	.1	8	23	.9961	3.3	.58	9.6	5
    1388	7.4	.64	.07	1.8	.1	8	23	.9961	3.3	.58	9.6	5
    1389	6.6	.64	.31	6.1	.083	7	49	.99718	3.35	.68	10.3	5
    1390	6.7	.48	.02	2.2	.08	36	111	.99524	3.1	.53	9.7	5
    1391	6	.49	0	2.3	.068	15	33	.99292	3.58	.59	12.5	6
    1392	8	.64	.22	2.4	.094	5	33	.99612	3.37	.58	11	5
    1393	7.1	.62	.06	1.3	.07	5	12	.9942	3.17	.48	9.8	5
    1394	8	.52	.25	2	.078	19	59	.99612	3.3	.48	10.2	5
    1395	6.4	.57	.14	3.9	.07	27	73	.99669	3.32	.48	9.2	5
    1396	8.6	.685	.1	1.6	.092	3	12	.99745	3.31	.65	9.55	6
    1397	8.7	.675	.1	1.6	.09	4	11	.99745	3.31	.65	9.55	5
    1398	7.3	.59	.26	2	.08	17	104	.99584	3.28	.52	9.9	5
    1399	7	.6	.12	2.2	.083	13	28	.9966	3.52	.62	10.2	7
    1400	7.2	.67	0	2.2	.068	10	24	.9956	3.42	.72	11.1	6
    1401	7.9	.69	.21	2.1	.08	33	141	.9962	3.25	.51	9.9	5
    1402	7.9	.69	.21	2.1	.08	33	141	.9962	3.25	.51	9.9	5
    1403	7.6	.3	.42	2	.052	6	24	.9963	3.44	.82	11.9	6
    1404	7.2	.33	.33	1.7	.061	3	13	.996	3.23	1.1	10	8
    1405	8	.5	.39	2.6	.082	12	46	.9985	3.43	.62	10.7	6
    1406	7.7	.28	.3	2	.062	18	34	.9952	3.28	.9	11.3	7
    1407	8.2	.24	.34	5.1	.062	8	22	.9974	3.22	.94	10.9	6
    1408	6	.51	0	2.1	.064	40	54	.995	3.54	.93	10.7	6
    1409	8.1	.29	.36	2.2	.048	35	53	.995	3.27	1.01	12.4	7
    1410	6	.51	0	2.1	.064	40	54	.995	3.54	.93	10.7	6
    1411	6.6	.96	0	1.8	.082	5	16	.9936	3.5	.44	11.9	6
    1412	6.4	.47	.4	2.4	.071	8	19	.9963	3.56	.73	10.6	6
    1413	8.2	.24	.34	5.1	.062	8	22	.9974	3.22	.94	10.9	6
    1414	9.9	.57	.25	2	.104	12	89	.9963	3.04	.9	10.1	5
    1415	10	.32	.59	2.2	.077	3	15	.9994	3.2	.78	9.6	5
    1416	6.2	.58	0	1.6	.065	8	18	.9966	3.56	.84	9.4	5
    1417	10	.32	.59	2.2	.077	3	15	.9994	3.2	.78	9.6	5
    1418	7.3	.34	.33	2.5	.064	21	37	.9952	3.35	.77	12.1	7
    1419	7.8	.53	.01	1.6	.077	3	19	.995	3.16	.46	9.8	5
    1420	7.7	.64	.21	2.2	.077	32	133	.9956	3.27	.45	9.9	5
    1421	7.8	.53	.01	1.6	.077	3	19	.995	3.16	.46	9.8	5
    1422	7.5	.4	.18	1.6	.079	24	58	.9965	3.34	.58	9.4	5
    1423	7	.54	0	2.1	.079	39	55	.9956	3.39	.84	11.4	6
    1424	6.4	.53	.09	3.9	.123	14	31	.9968	3.5	.67	11	4
    1425	8.3	.26	.37	1.4	.076	8	23	.9974	3.26	.7	9.6	6
    1426	8.3	.26	.37	1.4	.076	8	23	.9974	3.26	.7	9.6	6
    1427	7.7	.23	.37	1.8	.046	23	60	.9971	3.41	.71	12.1	6
    1428	7.6	.41	.33	2.5	.078	6	23	.9957	3.3	.58	11.2	5
    1429	7.8	.64	0	1.9	.072	27	55	.9962	3.31	.63	11	5
    1430	7.9	.18	.4	2.2	.049	38	67	.996	3.33	.93	11.3	5
    1431	7.4	.41	.24	1.8	.066	18	47	.9956	3.37	.62	10.4	5
    1432	7.6	.43	.31	2.1	.069	13	74	.9958	3.26	.54	9.9	6
    1433	5.9	.44	0	1.6	.042	3	11	.9944	3.48	.85	11.7	6
    1434	6.1	.4	.16	1.8	.069	11	25	.9955	3.42	.74	10.1	7
    1435	10.2	.54	.37	15.4	.214	55	95	1.00369	3.18	.77	9	6
    1436	10.2	.54	.37	15.4	.214	55	95	1.00369	3.18	.77	9	6
    1437	10	.38	.38	1.6	.169	27	90	.99914	3.15	.65	8.5	5
    1438	6.8	.915	.29	4.8	.07	15	39	.99577	3.53	.54	11.1	5
    1439	7	.59	0	1.7	.052	3	8	.996	3.41	.47	10.3	5
    1440	7.3	.67	.02	2.2	.072	31	92	.99566	3.32	.68	11.0666666666667	6
    1441	7.2	.37	.32	2	.062	15	28	.9947	3.23	.73	11.3	7
    1442	7.4	.785	.19	5.2	.094	19	98	.99713	3.16	.52	9.56666666666667	6
    1443	6.9	.63	.02	1.9	.078	18	30	.99712	3.4	.75	9.8	5
    1444	6.9	.58	.2	1.75	.058	8	22	.99322	3.38	.49	11.7	5
    1445	7.3	.67	.02	2.2	.072	31	92	.99566	3.32	.68	11.1	6
    1446	7.4	.785	.19	5.2	.094	19	98	.99713	3.16	.52	9.6	6
    1447	6.9	.63	.02	1.9	.078	18	30	.99712	3.4	.75	9.8	5
    1448	6.8	.67	0	1.9	.08	22	39	.99701	3.4	.74	9.7	5
    1449	6.9	.58	.01	1.9	.08	40	54	.99683	3.4	.73	9.7	5
    1450	7.2	.38	.31	2	.056	15	29	.99472	3.23	.76	11.3	8
    1451	7.2	.37	.32	2	.062	15	28	.9947	3.23	.73	11.3	7
    1452	7.8	.32	.44	2.7	.104	8	17	.99732	3.33	.78	11	7
    1453	6.6	.58	.02	2	.062	37	53	.99374	3.35	.76	11.6	7
    1454	7.6	.49	.33	1.9	.074	27	85	.99706	3.41	.58	9	5
    1455	11.7	.45	.63	2.2	.073	7	23	.99974	3.21	.69	10.9	6
    1456	6.5	.9	0	1.6	.052	9	17	.99467	3.5	.63	10.9	6
    1457	6	.54	.06	1.8	.05	38	89	.99236	3.3	.5	10.55	6
    1458	7.6	.49	.33	1.9	.074	27	85	.99706	3.41	.58	9	5
    1459	8.4	.29	.4	1.7	.067	8	20	.99603	3.39	.6	10.5	5
    1460	7.9	.2	.35	1.7	.054	7	15	.99458	3.32	.8	11.9	7
    1461	6.4	.42	.09	2.3	.054	34	64	.99724	3.41	.68	10.4	6
    1462	6.2	.785	0	2.1	.06	6	13	.99664	3.59	.61	10	4
    1463	6.8	.64	.03	2.3	.075	14	31	.99545	3.36	.58	10.4	6
    1464	6.9	.63	.01	2.4	.076	14	39	.99522	3.34	.53	10.8	6
    1465	6.8	.59	.1	1.7	.063	34	53	.9958	3.41	.67	9.7	5
    1466	6.8	.59	.1	1.7	.063	34	53	.9958	3.41	.67	9.7	5
    1467	7.3	.48	.32	2.1	.062	31	54	.99728	3.3	.65	10	7
    1468	6.7	1.04	.08	2.3	.067	19	32	.99648	3.52	.57	11	4
    1469	7.3	.48	.32	2.1	.062	31	54	.99728	3.3	.65	10	7
    1470	7.3	.98	.05	2.1	.061	20	49	.99705	3.31	.55	9.7	3
    1471	10	.69	.11	1.4	.084	8	24	.99578	2.88	.47	9.7	5
    1472	6.7	.7	.08	3.75	.067	8	16	.99334	3.43	.52	12.6	5
    1473	7.6	.35	.6	2.6	.073	23	44	.99656	3.38	.79	11.1	6
    1474	6.1	.6	.08	1.8	.071	14	45	.99336	3.38	.54	11	5
    1475	9.9	.5	.5	13.8	.205	48	82	1.00242	3.16	.75	8.8	5
    1476	5.3	.47	.11	2.2	.048	16	89	.99182	3.54	.88	13.5666666666667	7
    1477	9.9	.5	.5	13.8	.205	48	82	1.00242	3.16	.75	8.8	5
    1478	5.3	.47	.11	2.2	.048	16	89	.99182	3.54	.88	13.6	7
    1479	7.1	.875	.05	5.7	.082	3	14	.99808	3.4	.52	10.2	3
    1480	8.2	.28	.6	3	.104	10	22	.99828	3.39	.68	10.6	5
    1481	5.6	.62	.03	1.5	.08	6	13	.99498	3.66	.62	10.1	4
    1482	8.2	.28	.6	3	.104	10	22	.99828	3.39	.68	10.6	5
    1483	7.2	.58	.54	2.1	.114	3	9	.99719	3.33	.57	10.3	4
    1484	8.1	.33	.44	1.5	.042	6	12	.99542	3.35	.61	10.7	5
    1485	6.8	.91	.06	2	.06	4	11	.99592	3.53	.64	10.9	4
    1486	7	.655	.16	2.1	.074	8	25	.99606	3.37	.55	9.7	5
    1487	6.8	.68	.21	2.1	.07	9	23	.99546	3.38	.6	10.3	5
    1488	6	.64	.05	1.9	.066	9	17	.99496	3.52	.78	10.6	5
    1489	5.6	.54	.04	1.7	.049	5	13	.9942	3.72	.58	11.4	5
    1490	6.2	.57	.1	2.1	.048	4	11	.99448	3.44	.76	10.8	6
    1491	7.1	.22	.49	1.8	.039	8	18	.99344	3.39	.56	12.4	6
    1492	5.6	.54	.04	1.7	.049	5	13	.9942	3.72	.58	11.4	5
    1493	6.2	.65	.06	1.6	.05	6	18	.99348	3.57	.54	11.95	5
    1494	7.7	.54	.26	1.9	.089	23	147	.99636	3.26	.59	9.7	5
    1495	6.4	.31	.09	1.4	.066	15	28	.99459	3.42	.7	10	7
    1496	7	.43	.02	1.9	.08	15	28	.99492	3.35	.81	10.6	6
    1497	7.7	.54	.26	1.9	.089	23	147	.99636	3.26	.59	9.7	5
    1498	6.9	.74	.03	2.3	.054	7	16	.99508	3.45	.63	11.5	6
    1499	6.6	.895	.04	2.3	.068	7	13	.99582	3.53	.58	10.8	6
    1500	6.9	.74	.03	2.3	.054	7	16	.99508	3.45	.63	11.5	6
    1501	7.5	.725	.04	1.5	.076	8	15	.99508	3.26	.53	9.6	5
    1502	7.8	.82	.29	4.3	.083	21	64	.99642	3.16	.53	9.4	5
    1503	7.3	.585	.18	2.4	.078	15	60	.99638	3.31	.54	9.8	5
    1504	6.2	.44	.39	2.5	.077	6	14	.99555	3.51	.69	11	6
    1505	7.5	.38	.57	2.3	.106	5	12	.99605	3.36	.55	11.4	6
    1506	6.7	.76	.02	1.8	.078	6	12	.996	3.55	.63	9.95	3
    1507	6.8	.81	.05	2	.07	6	14	.99562	3.51	.66	10.8	6
    1508	7.5	.38	.57	2.3	.106	5	12	.99605	3.36	.55	11.4	6
    1509	7.1	.27	.6	2.1	.074	17	25	.99814	3.38	.72	10.6	6
    1510	7.9	.18	.4	1.8	.062	7	20	.9941	3.28	.7	11.1	5
    1511	6.4	.36	.21	2.2	.047	26	48	.99661	3.47	.77	9.7	6
    1512	7.1	.69	.04	2.1	.068	19	27	.99712	3.44	.67	9.8	5
    1513	6.4	.79	.04	2.2	.061	11	17	.99588	3.53	.65	10.4	6
    1514	6.4	.56	.15	1.8	.078	17	65	.99294	3.33	.6	10.5	6
    1515	6.9	.84	.21	4.1	.074	16	65	.99842	3.53	.72	9.23333333333333	6
    1516	6.9	.84	.21	4.1	.074	16	65	.99842	3.53	.72	9.25	6
    1517	6.1	.32	.25	2.3	.071	23	58	.99633	3.42	.97	10.6	5
    1518	6.5	.53	.06	2	.063	29	44	.99489	3.38	.83	10.3	6
    1519	7.4	.47	.46	2.2	.114	7	20	.99647	3.32	.63	10.5	5
    1520	6.6	.7	.08	2.6	.106	14	27	.99665	3.44	.58	10.2	5
    1521	6.5	.53	.06	2	.063	29	44	.99489	3.38	.83	10.3	6
    1522	6.9	.48	.2	1.9	.082	9	23	.99585	3.39	.43	9.05	4
    1523	6.1	.32	.25	2.3	.071	23	58	.99633	3.42	.97	10.6	5
    1524	6.8	.48	.25	2	.076	29	61	.9953	3.34	.6	10.4	5
    1525	6	.42	.19	2	.075	22	47	.99522	3.39	.78	10	6
    1526	6.7	.48	.08	2.1	.064	18	34	.99552	3.33	.64	9.7	5
    1527	6.8	.47	.08	2.2	.064	18	38	.99553	3.3	.65	9.6	6
    1528	7.1	.53	.07	1.7	.071	15	24	.9951	3.29	.66	10.8	6
    1529	7.9	.29	.49	2.2	.096	21	59	.99714	3.31	.67	10.1	6
    1530	7.1	.69	.08	2.1	.063	42	52	.99608	3.42	.6	10.2	6
    1531	6.6	.44	.09	2.2	.063	9	18	.99444	3.42	.69	11.3	6
    1532	6.1	.705	.1	2.8	.081	13	28	.99631	3.6	.66	10.2	5
    1533	7.2	.53	.13	2	.058	18	22	.99573	3.21	.68	9.9	6
    1534	8	.39	.3	1.9	.074	32	84	.99717	3.39	.61	9	5
    1535	6.6	.56	.14	2.4	.064	13	29	.99397	3.42	.62	11.7	7
    1536	7	.55	.13	2.2	.075	15	35	.9959	3.36	.59	9.7	6
    1537	6.1	.53	.08	1.9	.077	24	45	.99528	3.6	.68	10.3	6
    1538	5.4	.58	.08	1.9	.059	20	31	.99484	3.5	.64	10.2	6
    1539	6.2	.64	.09	2.5	.081	15	26	.99538	3.57	.63	12	5
    1540	7.2	.39	.32	1.8	.065	34	60	.99714	3.46	.78	9.9	5
    1541	6.2	.52	.08	4.4	.071	11	32	.99646	3.56	.63	11.6	6
    1542	7.4	.25	.29	2.2	.054	19	49	.99666	3.4	.76	10.9	7
    1543	6.7	.855	.02	1.9	.064	29	38	.99472	3.3	.56	10.75	6
    1544	11.1	.44	.42	2.2	.064	14	19	.99758	3.25	.57	10.4	6
    1545	8.4	.37	.43	2.3	.063	12	19	.9955	3.17	.81	11.2	7
    1546	6.5	.63	.33	1.8	.059	16	28	.99531	3.36	.64	10.1	6
    1547	7	.57	.02	2	.072	17	26	.99575	3.36	.61	10.2	5
    1548	6.3	.6	.1	1.6	.048	12	26	.99306	3.55	.51	12.1	5
    1549	11.2	.4	.5	2	.099	19	50	.99783	3.1	.58	10.4	5
    1550	7.4	.36	.3	1.8	.074	17	24	.99419	3.24	.7	11.4	8
    1551	7.1	.68	0	2.3	.087	17	26	.99783	3.45	.53	9.5	5
    1552	7.1	.67	0	2.3	.083	18	27	.99768	3.44	.54	9.4	5
    1553	6.3	.68	.01	3.7	.103	32	54	.99586	3.51	.66	11.3	6
    1554	7.3	.735	0	2.2	.08	18	28	.99765	3.41	.6	9.4	5
    1555	6.6	.855	.02	2.4	.062	15	23	.99627	3.54	.6	11	6
    1556	7	.56	.17	1.7	.065	15	24	.99514	3.44	.68	10.55	7
    1557	6.6	.88	.04	2.2	.066	12	20	.99636	3.53	.56	9.9	5
    1558	6.6	.855	.02	2.4	.062	15	23	.99627	3.54	.6	11	6
    1559	6.9	.63	.33	6.7	.235	66	115	.99787	3.22	.56	9.5	5
    1560	7.8	.6	.26	2	.08	31	131	.99622	3.21	.52	9.9	5
    1561	7.8	.6	.26	2	.08	31	131	.99622	3.21	.52	9.9	5
    1562	7.8	.6	.26	2	.08	31	131	.99622	3.21	.52	9.9	5
    1563	7.2	.695	.13	2	.076	12	20	.99546	3.29	.54	10.1	5
    1564	7.2	.695	.13	2	.076	12	20	.99546	3.29	.54	10.1	5
    1565	7.2	.695	.13	2	.076	12	20	.99546	3.29	.54	10.1	5
    1566	6.7	.67	.02	1.9	.061	26	42	.99489	3.39	.82	10.9	6
    1567	6.7	.16	.64	2.1	.059	24	52	.99494	3.34	.71	11.2	6
    1568	7.2	.695	.13	2	.076	12	20	.99546	3.29	.54	10.1	5
    1569	7	.56	.13	1.6	.077	25	42	.99629	3.34	.59	9.2	5
    1570	6.2	.51	.14	1.9	.056	15	34	.99396	3.48	.57	11.5	6
    1571	6.4	.36	.53	2.2	.23	19	35	.9934	3.37	.93	12.4	6
    1572	6.4	.38	.14	2.2	.038	15	25	.99514	3.44	.65	11.1	6
    1573	7.3	.69	.32	2.2	.069	35	104	.99632	3.33	.51	9.5	5
    1574	6	.58	.2	2.4	.075	15	50	.99467	3.58	.67	12.5	6
    1575	5.6	.31	.78	13.9	.074	23	92	.99677	3.39	.48	10.5	6
    1576	7.5	.52	.4	2.2	.06	12	20	.99474	3.26	.64	11.8	6
    1577	8	.3	.63	1.6	.081	16	29	.99588	3.3	.78	10.8	6
    1578	6.2	.7	.15	5.1	.076	13	27	.99622	3.54	.6	11.9	6
    1579	6.8	.67	.15	1.8	.118	13	20	.9954	3.42	.67	11.3	6
    1580	6.2	.56	.09	1.7	.053	24	32	.99402	3.54	.6	11.3	5
    1581	7.4	.35	.33	2.4	.068	9	26	.9947	3.36	.6	11.9	6
    1582	6.2	.56	.09	1.7	.053	24	32	.99402	3.54	.6	11.3	5
    1583	6.1	.715	.1	2.6	.053	13	27	.99362	3.57	.5	11.9	5
    1584	6.2	.46	.29	2.1	.074	32	98	.99578	3.33	.62	9.8	5
    1585	6.7	.32	.44	2.4	.061	24	34	.99484	3.29	.8	11.6	7
    1586	7.2	.39	.44	2.6	.066	22	48	.99494	3.3	.84	11.5	6
    1587	7.5	.31	.41	2.4	.065	34	60	.99492	3.34	.85	11.4	6
    1588	5.8	.61	.11	1.8	.066	18	28	.99483	3.55	.66	10.9	6
    1589	7.2	.66	.33	2.5	.068	34	102	.99414	3.27	.78	12.8	6
    1590	6.6	.725	.2	7.8	.073	29	79	.9977	3.29	.54	9.2	5
    1591	6.3	.55	.15	1.8	.077	26	35	.99314	3.32	.82	11.6	6
    1592	5.4	.74	.09	1.7	.089	16	26	.99402	3.67	.56	11.6	6
    1593	6.3	.51	.13	2.3	.076	29	40	.99574	3.42	.75	11	6
    1594	6.8	.62	.08	1.9	.068	28	38	.99651	3.42	.82	9.5	6
    1595	6.2	.6	.08	2	.09	32	44	.9949	3.45	.58	10.5	5
    1596	5.9	.55	.1	2.2	.062	39	51	.99512	3.52	.76	11.2	6
    1597	6.3	.51	.13	2.3	.076	29	40	.99574	3.42	.75	11	6
    1598	5.9	.645	.12	2	.075	32	44	.99547	3.57	.71	10.2	5
    1599	6	.31	.47	3.6	.067	18	42	.99549	3.39	.66	11	6
